302555.49265255866,4124121.5469765714
302555.53011633834,4124121.50969728
302555.56759500183,4124121.472443123
302555.6051036861,4124121.435239662
302555.6426580394,4124121.3981133234
302555.6802744882,4124121.361091845
302555.7179705167,4124121.3242047536
302555.7557649651,4124121.287483865
302555.79367835016,4124121.2509638253
302555.83173321496,4124121.214682703
302555.86995451304,4124121.1786826374
302555.90837003326,4124121.1430105558
302555.94701087364,4124121.107718974
302555.98591197084,4124121.0728668887
302556.0251126954,4124121.038520786
302556.0646575227,4124121.0047557713
302556.1045967905,4124120.9716568505
302556.1449875566,4124120.939320377
302556.18589457107,4124120.907855695
302556.2273913791,4124120.8773870002
302556.2695615744,4124120.848055458
302556.31250022276,4124120.820021607
302556.3563154825,4124120.793468094
302556.40090029844,4124120.7682150304
302556.44616072625,4124120.7441046843
302556.4920143321,4124120.72099879
302556.53838878794,4124120.6987761967
302556.5852206396,4124120.6773308017
302556.63245422544,4124120.656569743
302556.6800407282,4124120.636411818
302556.72793734306,4124120.6167860995
302556.7761065487,4124120.5976307266
302556.8245154678,4124120.5788918533
302556.87313530716,4124120.5605227286
302556.9219408668,4124120.5424829004
302556.97091011086,4124120.524737527
302557.0200237922,4124120.5072567835
302557.06926512445,4124120.490015354
302557.11861949594,4124120.4729919983
302557.1680742207,4124120.456169192
302557.21761832264,4124120.439532829
302557.26724234835,4124120.4230719768
302557.3169382059,4124120.406778695
302557.36669902725,4124120.3906478984
302557.4165190511,4124120.374677268
302557.4663935248,4124120.358867215
302557.51631862315,4124120.343220885
302557.56629138364,4124120.327744215
302557.6163096557,4124120.312446031
302557.6663720641,4124120.2973382
302557.71647798555,4124120.282435832
302557.7666275381,4124120.2677575382
302557.816821583,4124120.2533257464
302557.8670617398,4124120.239167084
302557.9173504133,4124120.2253128327
302557.96769083507,4124120.21179946
302558.0180871184,4124120.19866924
302558.068544328,4124120.185970975
302558.1190685668,4124120.173760828
302558.1696670798,4124120.1621032762
302558.22034837713,4124120.1510722116
302558.27110230597,4124120.1405913057
302558.3219199511,4124120.130593603
302558.3727934826,4124120.1210203804
302558.42371602287,4124120.111820145
302558.47468152904,4124120.102947761
302558.5256846905,4124120.094363677
302558.5767208382,4124120.0860332535
302558.62778586475,4124120.0779261724
302558.67887615523,4124120.0700159203
302558.7299885248,4124120.062279338
302558.781120165,4124120.0546962246
302558.8322685956,4124120.047248995
302558.8834316224,4124120.039922378
302558.93460729986,4124120.032703158
302558.98579389823,4124120.025579948
302559.0369898735,4124120.0185429975
302559.08819384174,4124120.0115840253
302559.1394045549,4124120.00469608
302559.19062088017,4124119.9978734176
302559.24184178,4124119.9911114094
302559.2930662952,4124119.9844064577
302559.3442935279,4124119.977755939
302559.3955226266,4124119.9711581557
302559.4467527717,4124119.964612308
302559.49798316124,4124119.958118483
302559.54921299766,4124119.9516776525
302559.6004414739,4124119.9452916915
302559.6516677597,4124119.9389634104
302559.7028909875,4124119.932696602
302559.75411023776,4124119.9264961067
302559.805324523,4124119.9203678933
302559.85653277126,4124119.9143191637
302559.9077338077,4124119.908358473
302559.95892633486,4124119.9024958774
302560.01010891,4124119.8967431025
302560.061279921,4124119.891113747
302560.1124375587,4124119.885623511
302560.16357978614,4124119.880290465
302560.2147043038,4124119.8751353575
302560.2658085104,4124119.870181969
302560.3168894586,4124119.8654575166
302560.3679438049,4124119.860993117
302560.4189677525,4124119.8568243184
302560.46995698696,4124119.852991704
302560.5209066022,4124119.849541586
302560.5718110171,4124119.8465267927
302560.622675759,4124119.8438940905
302560.67350567936,4124119.8415967557
302560.7243050362,4124119.8395937765
302560.775077567,4124119.837849158
302560.8258265522,4124119.8363313065
302560.876554871,4124119.8350124923
302560.9272650504,4124119.833868375
302560.9779593087,4124119.8328775926
302561.02863959287,4124119.8320213947
302561.0793076115,4124119.831283323
302561.12996486464,4124119.8306489335
302561.18061266857,4124119.830105546
302561.2312521788,4124119.8296420327
302561.28188440955,4124119.8292486263
302561.33251025097,4124119.828916753
302561.3831304844,4124119.8286388894
302561.43374579534,4124119.82840843
302561.48435678583,4124119.828219578
302561.53496398416,4124119.8280672464
302561.585567854,4124119.827946968
302561.63616880233,4124119.8278548243
302561.68676718645,4124119.8277873737
302561.7373633198,4124119.8277415964
302561.7879574775,4124119.8277148427
302561.8385499012,4124119.827704786
302561.88914080284,4124119.8277093847
302561.93973036844,4124119.8277268466
302561.9903187614,4124119.8277555984
302562.0409061249,4124119.8277942594
302562.09149258485,4124119.827841618
302562.1420782515,4124119.8278966113
302562.19266322185,4124119.827958305
302562.24324758083,4124119.82802588
302562.293831403,4124119.828098617
302562.34441475384,4124119.828175884
302562.39499769075,4124119.8282571277
302562.44558026415,4124119.8283418613
302562.4961625182,4124119.8284296584
302562.54674449156,4124119.828520145
302562.59732621827,4124119.8286129916
302562.6479077279,4124119.828707909
302562.69848904666,4124119.828804645
302562.74907019717,4124119.8289029775
302562.7996511995,4124119.82900271
302562.85023207107,4124119.8291036724
302562.90081282705,4124119.829205714
302562.95139348065,4124119.8293087045
302563.00197404326,4124119.8294125265
302563.0525545248,4124119.829517078
302563.1031349339,4124119.8296222715
302563.1537152778,4124119.8297280283
302563.20429556264,4124119.82983428
302563.25487579365,4124119.829940967
302563.305455975,4124119.8300480354
302563.3560361101,4124119.8301554397
302563.4066162015,4124119.8302631397
302563.45719625126,4124119.8303710995
302563.50777626055,4124119.8304792885
302563.55835622974,4124119.83058768
302563.60893615865,4124119.830696251
302563.6595160464,4124119.8308049804
302563.7100958914,4124119.8309138496
302563.7606756913,4124119.8310228437
302563.81125544297,4124119.8311319496
302563.8618351425,4124119.8312411555
302563.912414785,4124119.8313504523
302563.9629943649,4124119.8314598314
302564.01357387524,4124119.8315692865
302564.064153308,4124119.8316788124
302564.1147326537,4124119.831788405
302564.1653119016,4124119.8318980606
302564.21589103923,4124119.8320077783
302564.26647005207,4124119.832117556
302564.3170489237,4124119.832227394
302564.36762763525,4124119.8323372933
302564.41820616496,4124119.832447258
302564.4687844882,4124119.8325572894
302564.5193625767,4124119.8326673927
302564.5699403982,4124119.8327775737
302564.62051791576,4124119.83288784
302564.6710950875,4124119.8329982
302564.7216718655,4124119.8331086626
302564.77224819514,4124119.8332192414
302564.82282401423,4124119.833329949
302564.8733992519,4124119.8334408016
302564.9239738273,4124119.833551818
302564.97454764816,4124119.8336630203
302565.0251206096,4124119.833774431
302565.0756925921,4124119.83388608
302565.1262634592,4124119.8339979984
302565.1768330558,4124119.8341102228
302565.2274012049,4124119.834222796
302565.27796770487,4124119.8343357653
302565.3285323261,4124119.834449185
302565.3790948068,4124119.834563118
302565.4296548487,4124119.834677635
302565.4802121122,4124119.8347928165
302565.53076621017,4124119.8349087555
302565.58131670166,4124119.8350255573
302565.6318630843,4124119.835143341
302565.6824047856,4124119.8352622446
302565.73294115346,4124119.835382423
302565.7834714447,4124119.835504053
302565.83399481274,4124119.835627338
302565.8845102931,4124119.835752508
302565.93501678674,4124119.835879825
302565.98551304184,4124119.836009587
302566.0359976319,4124119.8361421362
302566.0864689317,4124119.83627786
302566.13692856644,4124119.836416371
302566.1873779626,4124119.8365573282
302566.23781837214,4124119.8367004325
302566.288250894,4124119.836845421
302566.3386764928,4124119.8369920645
302566.3890960151,4124119.8371401588
302566.43951020384,4124119.8372895275
302566.48991971137,4124119.8374400153
302566.5403251101,4124119.837591484
302566.5907269024,4124119.8377438146
302566.6411255294,4124119.8378969007
302566.6915213781,4124119.838050651
302566.7419147882,4124119.8382049836
302566.79230605793,4124119.838359827
302566.8426954491,4124119.83851512
302566.8930831914,4124119.8386708074
302566.94346948643,4124119.83882684
302566.9938545112,4124119.8389831763
302567.04423842096,4124119.839139779
302567.0946213521,4124119.8392966157
302567.1450034243,4124119.8394536576
302567.19538474275,4124119.83961088
302567.2457653994,4124119.8397682593
302567.29614547535,4124119.8399257776
302567.34652504144,4124119.840083418
302567.39690416015,4124119.840241166
302567.44728288613,4124119.8403990073
302567.4976612674,4124119.840556931
302567.5480393461,4124119.8407149273
302567.5984171592,4124119.8408729867
302567.6487947393,4124119.8410311015
302567.69917211466,4124119.8411892653
302567.74954931054,4124119.841347472
302567.7999263488,4124119.841505716
302567.85030324885,4124119.8416639934
302567.9006800275,4124119.8418223
302567.9510566997,4124119.841980632
302568.0014332783,4124119.8421389856
302568.0518097748,4124119.8422973594
302568.1021861994,4124119.8424557503
302568.1525625607,4124119.8426141567
302568.2029388664,4124119.842772576
302568.2533151234,4124119.8429310066
302568.3036913376,4124119.843089448
302568.35406751424,4124119.8432478984
302568.404443658,4124119.8434063564
302568.45481977286,4124119.8435648214
302568.50519586226,4124119.8437232915
302568.5555719295,4124119.8438817677
302568.6059479773,4124119.8440402485
302568.65632400784,4124119.8441987336
302568.7067000234,4124119.844357223
302568.7570760257,4124119.8445157153
302568.80745201645,4124119.844674211
302568.8578279971,4124119.844832709
302568.90820396895,4124119.844991209
302568.9585799329,4124119.8451497112
302569.0089558901,4124119.845308215
302569.0593318411,4124119.84546672
302569.10970778693,4124119.845625226
302569.160083728,4124119.8457837333
302569.21045966505,4124119.845942242
302569.2608355985,4124119.846100752
302569.3112115288,4124119.8462592624
302569.36158745637,4124119.8464177735
302569.4119633816,4124119.8465762846
302569.46233930474,4124119.8467347957
302569.51271522604,4124119.846893307
302569.56309114577,4124119.8470518175
302569.61346706405,4124119.847210328
302569.6638429811,4124119.8473688383
302569.71421889705,4124119.847527348
302569.7645948121,4124119.8476858577
302569.8149707265,4124119.847844367
302569.8653466401,4124119.8480028757
302569.91572255315,4124119.8481613835
302569.96609846567,4124119.84831989
302570.0164743778,4124119.848478395
302570.06685028947,4124119.848636899
302570.11722620105,4124119.848795402
302570.16760211263,4124119.8489539037
302570.2179780243,4124119.849112403
302570.268353936,4124119.8492709007
302570.31872984784,4124119.849429396
302570.36910576,4124119.849587888
302570.4194816724,4124119.849746377
302570.4698575852,4124119.8499048618
302570.5202334985,4124119.850063342
302570.5706094124,4124119.850221818
302570.6209853271,4124119.8503802875
302570.67136124254,4124119.8505387516
302570.7217371589,4124119.850697208
302570.77211307635,4124119.850855658
302570.82248899515,4124119.8510140977
302570.8728649153,4124119.8511725273
302570.9232408371,4124119.8513309453
302570.97361676086,4124119.8514893497
302571.0239926867,4124119.8516477374
302571.07436861505,4124119.8518061084
302571.12474454625,4124119.8519644593
302571.1751204807,4124119.8521227874
302571.2254964189,4124119.852281089
302571.2758723612,4124119.852439361
302571.32624830835,4124119.8525975994
302571.376624261,4124119.8527557994
302571.42700022005,4124119.852913955
302571.47737618635,4124119.8530720603
302571.52775216085,4124119.853230107
302571.5781281448,4124119.853388088
302571.6285041393,4124119.853545993
302571.678880146,4124119.853703813
302571.7292561665,4124119.853861537
302571.7796322028,4124119.8540191506
302571.8300082571,4124119.854176638
302571.88038433203,4124119.8543339814
302571.9307604304,4124119.8544911603
302571.9811365555,4124119.8546481514
302572.03151271085,4124119.8548049293
302572.08188890084,4124119.854961465
302572.1322651304,4124119.8551177233
302572.1826414049,4124119.855273667
302572.23301773064,4124119.8554292507
302572.2833941147,4124119.8555844263
302572.33377056516,4124119.8557391358
302572.38414709154,4124119.855893314
302572.4345237042,4124119.856046886
302572.4849004153,4124119.8561997684
302572.5352772383,4124119.8563518645
302572.585654189,4124119.856503065
302572.63603128516,4124119.856653246
302572.6864085471,4124119.8568022647
302572.7367859979,4124119.856949959
302572.7871636639,4124119.857096144
302572.837541575,4124119.8572406094
302572.88791976555,4124119.8573831157
302572.93829827424,4124119.8575233915
302572.9886771454,4124119.8576611243
302573.0390564296,4124119.8577959603
302573.0894361843,4124119.857927495
302573.1398164753,4124119.85805527
302573.190197377,4124119.85817876
302573.2405789746,4124119.8582973685
302573.2909613651,4124119.8584104166
302573.341344659,4124119.858517128
302573.3917289821,4124119.85861662
302573.44211447774,4124119.8587078867
302573.4925013093,4124119.858789783
302573.5428896629,4124119.858861003
302573.59327975055,4124119.8589200587
302573.6436718139,4124119.8589652553
302573.69406612817,4124119.8589946628
302573.74446300697,4124119.8590060803
302573.79486280755,4124119.8589970022
302573.8452659369,4124119.8589645727
302573.8956728588,4124119.858905538
302573.9460841017,4124119.8588161925
302573.9965002675,4124119.8586923126
302574.0469220421,4124119.858529086
302574.097350207,4124119.8583210325
302574.14778565237,4124119.8580619064
302574.1982293924,4124119.857744591
302574.2486825829,4124119.85736098
302574.2991465406,4124119.856901837
302574.3496227653,4124119.8563566376
302574.40011296625,4124119.855713393
302574.4506190905,4124119.854958444
302574.5011433566,4124119.854076226
302574.55168829206,4124119.8530490086
302574.60225677653,4124119.8518565902
302574.65285209083,4124119.850475955
302574.7034779729,4124119.8488808796
302574.7541386814,4124119.847041487
302574.8048299426,4124119.8449875833
302574.8555480028,4124119.842745318
302574.90628956526,4124119.8403376318
302574.95705173357,4124119.8377846484
302575.0078319622,4124119.8351040143
302575.0586280136,4124119.8323112023
302575.10943791963,4124119.8294197745
302575.160259948,4124119.8264416116
302575.2110925732,4124119.823387117
302575.2619344502,4124119.8202653946
302575.3127843915,4124119.8170844004
302575.36364134715,4124119.813851083
302575.4145043865,4124119.810571499
302575.4653726827,4124119.807250917
302575.5162454985,4124119.803893906
302575.56712217355,4124119.8005044153
302575.6180021131,4124119.7970858393
302575.66888477816,4124119.793641079
302575.7197696762,4124119.790172589
302575.77065635286,4124119.786682418
302575.8215443838,4124119.7831722465
302575.8724333679,4124119.779643414
302575.9233229202,4124119.7760969424
302575.9742126655,4124119.7725335527
302576.025102232,4124119.768953678
302576.0759912445,4124119.765357471
302576.12687931873,4124119.7617448037
302576.17776605417,4124119.7581152706
302576.2286510275,4124119.7544681774
302576.2795337856,4124119.750802531
302576.33041383745,4124119.747117022
302576.38129064604,4124119.7434100024
302576.4321636189,4124119.739679458
302576.4830320984,4124119.735922974
302576.5338953501,4124119.732137694
302576.584752551,4124119.7283202703
302576.63560277456,4124119.724466808
302576.6864449754,4124119.7205727976
302576.7372779717,4124119.716633039
302576.7881004247,4124119.712641553
302576.83891081595,4124119.7085914793
302576.88970742153,4124119.7044749595
302576.9404882827,4124119.7002830016
302576.9912511725,4124119.696005331
302577.04199355765,4124119.6916302107
302577.0927125558,4124119.6871442446
302577.1434048859,4124119.682532148
302577.19406681275,4124119.6777764866
302577.24469408306,4124119.6728573814
302577.2952818531,4124119.6677521667
302577.34582460625,4124119.6624350087
302577.3963160589,4124119.65687646
302577.4467490533,4124119.6510429643
302577.49711543595,4124119.6448962777
302577.54740591836,4124119.6383928214
302577.5976099191,4124119.6314829392
302577.64771538315,4124119.6241100505
302577.69770857674,4124119.616209685
302577.7475738534,4124119.6077083866
302577.79729338747,4124119.5985224615
302577.84684687003,4124119.5885565514
302577.8962111633,4124119.5777020096
302577.9454093881,4124119.5660674768
302577.994461836,4124119.553748303
302578.04338631494,4124119.5408281744
302578.09219845274,4124119.5273805396
302578.1409119632,4124119.513469859
302578.1895388797,4124119.4991527055
302578.23808976053,4124119.484478726
302578.2865738683,4124119.469491488
302578.33499932825,4124119.4542292226
302578.3833732662,4124119.4387254743
302578.43170193036,4124119.423009674
302578.4799907975,4124119.4071076405
302578.52824466646,4124119.3910420197
302578.57646773977,4124119.3748326683
302578.62466369534,4124119.3584969975
302578.6728357489,4124119.3420502627
302578.720986709,4124119.3255058313
302578.7691190251,4124119.308875403
302578.81723482866,4124119.2921692138
302578.86533597,4124119.275396209
302578.9134240496,4124119.258564195
302578.9615004453,4124119.2416799734
302579.0095663362,4124119.224749455
302579.05762272194,4124119.2077777637
302579.10567044053,4124119.190769321
302579.1537101823,4124119.1737279217
302579.20174250164,4124119.1566568
302579.24976782635,4124119.1395586836
302579.29778646526,4124119.12243584
302579.34579861315,4124119.1052901153
302579.3938043543,4124119.0881229662
302579.4418036638,4124119.0709354836
302579.4897964072,4124119.053728414
302579.537782338,4124119.0365021676
302579.5857610938,4124119.0192568297
302579.63373219006,4124119.001992159
302579.68169501144,4124118.984707586
302579.72964880185,4124118.9674022007
302579.77759265125,4124118.9500747398
302579.82552548026,4124118.9327235636
302579.8734460218,4124118.9153466285
302579.92135279934,4124118.8979414515
302579.96924410184,4124118.8805050687
302580.01711795473,4124118.8630339843
302580.0649720861,4124118.8455241113
302580.11280388816,4124118.827970703
302580.16061037243,4124118.8103682697
302580.20838811924,4124118.792710487
302580.2561332194,4124118.774990087
302580.30384120735,4124118.757198735
302580.3515069855,4124118.739326888
302580.3991247368,4124118.7213636315
302580.44668782625,4124118.7032964933
302580.4941886875,4124118.6851112326
302580.541618694,4124118.6667915946
302580.5889680121,4124118.648319036
302580.63622543326,4124118.6296724076
302580.6833781836,4124118.610827595
302580.7304117057,4124118.591757107
302580.77730941103,4124118.572429608
302580.82405239716,4124118.5528093837
302580.87061912566,4124118.5328557324
302580.9169850551,4124118.512522272
302580.963122223,4124118.4917561486
302581.0089987698,4124118.4704971383
302581.0545783954,4124118.4486766197
302581.09981974115,4124118.426216404
302581.14467568515,4124118.403027405
302581.1890925394,4124118.3790081204
302581.23312398046,4124118.3542600637
302581.2768171187,4124118.328872335
302581.32021330076,4124118.3029231327
302581.363348814,4124118.2764810924
302581.4062555049,4124118.2496064524
302581.4489613212,4124118.2223520805
302581.4914907885,4124118.1947643743
302581.5338654281,4124118.166884053
302581.5761041233,4124118.138746851
302581.6182234412,4124118.1103841276
302581.6602379153,4124118.0818233956
302581.70216029277,4124118.0530887977
302581.74400175177,4124118.0242015137
302581.7857720917,4124117.9951801226
302581.82747990044,4124117.9660409167
302581.86913270043,4124117.9367981837
302581.91073707707,4124117.907464445
302581.9522987905,4124117.8780506733
302581.9938228742,4124117.848566477
302582.0353137205,4124117.8190202652
302582.07677515544,4124117.7894193903
302582.118210504,4124117.7597702728
302582.15962264664,4124117.7300785114
302582.20101406856,4124117.700348978
302582.24238690175,4124117.6705859024
302582.2837429617,4124117.640792942
302582.325083778,4124117.610973245
302582.3664106205,4124117.581129504
302582.4077245211,4124117.551264002
302582.4490262911,4124117.5213786513
302582.4903165352,4124117.491475026
302582.5315956615,4124117.4615543894
302582.5728638889,4124117.4316177135
302582.6141212507,4124117.401665699
302582.6553675948,4124117.371698784
302582.69660258153,4124117.3417171524
302582.7378256777,4124117.311720738
302582.7790361475,4124117.281709224
302582.82023304014,4124117.2516820333
302582.8614151733,4124117.2216383247
302582.9025811132,4124117.1915769735
302582.94372915046,4124117.1614965564
302582.9848572705,4124117.1313953227
302583.0259631194,4124117.101271169
302583.0670439638,4124117.0711215995
302583.1080966445,4124117.0409436887
302583.1491175222,4124117.010734026
302583.19010241586,4124116.9804886593
302583.2310465316,4124116.9502030294
302583.2719443806,4124116.9198718905
302583.31278968597,4124116.8894892223
302583.3535752754,4124116.8590481263
302583.3942929595,4124116.8285407065
302583.43493339175,4124116.7979579405
302583.4754859096,4124116.7672895193
302583.51593835285,4124116.736523676
302583.55627685605,4124116.7056469847
302583.59648561274,4124116.67464413
302583.636546606,4124116.6434976454
302583.67643930146,4124116.61218762
302583.71614029753,4124116.5806913553
302583.75562292646,4124116.548982981
302583.7948568004,4124116.517033011
302583.83380729344,4124116.484807846
302583.87243495154,4124116.4522691965
302583.9106948207,4124116.4193734312
302583.94853568095,4124116.386070837
302583.98589917354,4124116.352304767
302584.022718807,4124116.318010681
302584.0589188239,4124116.2831150405
302584.0944129105,4124116.2475340604
302584.1291027263,4124116.211172277
302584.16308662086,4124116.174125172
302584.1964509172,4124116.1364765484
302584.2292713824,4124116.0982999625
302584.26161451783,4124116.059659977
302584.29353869293,4124116.020613258
302584.32509513927,4124115.9812095407
302584.3563288234,4124115.941492482
302584.38727921306,4124115.9015003974
302584.4179809493,4124115.861266917
302584.448464437,4124115.8208215605
302584.47875636275,4124115.780190235
302584.5088801495,4124115.7393956813
302584.5388563557,4124115.6984578576
302584.56870302535,4124115.6573942825
302584.5984359956,4124115.6162203313
302584.62806916644,4124115.5749495006
302584.6576147377,4124115.5335936346
302584.6870834166,4124115.49216313
302584.7164846007,4124115.4506671103
302584.7458265372,4124115.4091135836
302584.7751164642,4124115.3675095793
302584.8043607336,4124115.3258612645
302584.8335649194,4124115.284174054
302584.86273391277,4124115.2424526983
302584.89187200525,4124115.200701367
302584.92098296195,4124115.1589237186
302584.9500700856,4124115.1171229626
302584.9791362729,4124115.075301916
302585.00818406383,4124115.033463049
302585.037215685,4124114.9916085294
302585.06623308745,4124114.949740257
302585.09523797996,4124114.9078598986
302585.1242318582,4124114.8659689142
302585.1532160301,4124114.824068583
302585.18219163833,4124114.7821600246
302585.2111596795,4124114.7402442195
302585.2401210214,4124114.6983220233
302585.2690764175,4124114.6563941827
302585.29802652006,4124114.61446135
302585.3269718911,4124114.5725240903
302585.35591301206,4124114.5305828946
302585.3848502918,4124114.488638186
302585.4137840739,4124114.4466903284
302585.4427146422,4124114.4047396323
302585.4716422258,4124114.362786359
302585.5005670029,4124114.3208307265
302585.5294891039,4124114.2788729123
302585.5584086134,4124114.2369130566
302585.587325572,4124114.194951265
302585.61623997684,4124114.1529876105
302585.64515178144,4124114.111022133
302585.674060895,4124114.0690548415
302585.70296718087,4124114.0270857164
302585.73187045415,4124113.985114704
302585.7607704787,4124113.9431417207
302585.78966696287,4124113.9011666477
302585.8185595548,4124113.8591893306
302585.8474478361,4124113.8172095777
302585.87633131514,4124113.775227155
302585.9052094183,4124113.7332417835
302585.93408148055,4124113.691253134
302585.96294673375,4124113.6492608213
302585.99180429376,4124113.607264397
302586.0206531454,4124113.565263344
302586.04949212505,4124113.5232570646
302586.07831990084,4124113.4812448737
302586.1071349503,4124113.4392259847
302586.13593553385,4124113.3971994976
302586.1647196656,4124113.3551643817
302586.1934850792,4124113.3131194613
302586.22222918953,4124113.271063391
302586.25094904844,4124113.2289946373
302586.2796412948,4124113.18691145
302586.3083020968,4124113.144811833
302586.33692708705,4124113.10269351
302586.36551128805,4124113.0605538865
302586.39404902735,4124113.018390006
302586.42253384093,4124112.976198497
302586.45095836313,4124112.933975518
302586.47931420093,4124112.891716691
302586.5075917914,4124112.8494170285
302586.5357802384,4124112.8070708457
302586.5638671272,4124112.764671666
302586.5918383126,4124112.7222121097
302586.61967767845,4124112.679683769
302586.6473668624,4124112.6370770647
302586.6748849439,4124112.59438108
302586.7022080871,4124112.5515833786
302586.72930913506,4124112.508669792
302586.75615714706,4124112.465624177
302586.7827168714,4124112.422428141
302586.80894814484,4124112.379060728
302586.83480520826,4124112.3354980624
302586.8602359273,4124112.2917129435
302586.8851809037,4124112.2476743786
302586.9095724639,4124112.2033470585
302586.93333350564,4124112.158690754
302586.9563761846,4124112.1136596305
302586.9786004176,4124112.0682014683
302587.0001062801,4124112.022368486
302587.0209816087,4124111.9762065164
302587.0413034975,4124111.9297557874
302587.06113961176,4124111.8830516073
302587.0805493405,4124111.8361249655
302587.0995848086,4124111.7890030635
302587.1182917642,4124111.741709774
302587.1367103593,4124111.69426605
302587.15487583244,4124111.646690283
302587.1728191101,4124111.598998613
302587.1905673331,4124111.5512052076
302587.2081443191,4124111.503322499
302587.2255709686,4124111.455361399
302587.2428656204,4124111.407331483
302587.260044365,4124111.359241156
302587.2771213178,4124111.311097792
302587.29410886014,4124111.262907861
302587.31101784995,4124111.2146770414
302587.327857807,4124111.166410314
302587.34463707486,4124111.1181120477
302587.3613629631,4124111.069786074
302587.37804187206,4124111.021435753
302587.3946794015,4124110.97306403
302587.4112804462,4124110.924673484
302587.4278492795,4124110.876266376
302587.4443896257,4124110.8278446826
302587.460904724,4124110.779410132
302587.4773973834,4124110.7309642355
302587.49387003056,4124110.68250831
302587.510324751,4124110.6340435003
302587.52676332515,4124110.5855708015
302587.54318725807,4124110.537091073
302587.5595978056,4124110.4886050555
302587.57599599526,4124110.440113382
302587.5923826443,4124110.3916165894
302587.6087583731,4124110.3431151262
302587.62512361625,4124110.2946093627
302587.64147862926,4124110.2460995954
302587.6578234938,4124110.197586054
302587.6741581183,4124110.149068901
302587.6904822369,4124110.10054824
302587.7067954046,4124110.052024113
302587.72309698997,4124110.0034965044
302587.73938616423,4124109.954965338
302587.75566188706,4124109.906430478
302587.77192288893,4124109.8578917263
302587.78816764953,4124109.8093488156
302587.804394372,4124109.7608014103
302587.82060095185,4124109.712249097
302587.8367849417,4124109.6636913796
302587.85294350924,4124109.6151276696
302587.8690733888,4124109.5665572765
302587.8851708262,4124109.5179793956
302587.9012315145,4124109.4693930945
302587.9172505206,4124109.420797298
302587.9332222013,4124109.3721907684
302587.9491401071,4124109.3235720857
302587.96499687224,4124109.2749396227
302587.9807840894,4124109.226291517
302587.9964921665,4124109.17762564
302588.0121101629,4124109.128939561
302588.0276256034,4124109.0802305043
302588.0430242657,4124109.031495302
302588.05828993756,4124108.9827303425
302588.0734041412,4124108.9339315062
302588.0883458183,4124108.885094096
302588.10309097124,4124108.836212759
302588.11761225417,4124108.7872813926
302588.1318785071,4124108.7382930424
302588.1458542251,4124108.6892397823
302588.1594989535,4124108.640112582
302588.1727665984,4124108.590901151
302588.18560464174,4124108.541593762
302588.19795324607,4124108.492177055
302588.209872259,4124108.4426643974
302588.2214142091,4124108.393067523
302588.23262520094,4124108.343396729
302588.2435457005,4124108.293661055
302588.25421122473,4124108.2438684343
302588.26465294644,4124108.1940258304
302588.27489822556,4124108.1441393546
302588.2849710753,4124108.094214371
302588.29489257105,4124108.044255589
302588.3046812096,4124107.9942671405
302588.31435322453,4124107.9442526526
302588.3239228621,4124107.894215308
302588.33340262464,4124107.8441579016
302588.34280348325,4124107.794082885
302588.35213506455,4124107.743992411
302588.36140581506,4124107.6938883676
302588.3706231449,4124107.643772413
302588.3797935541,4124107.593646002
302588.38892274315,4124107.54351041
302588.3980157104,4124107.4933667574
302588.407076837,4124107.4432160277
302588.41610996175,4124107.393059083
302588.42511844623,4124107.3428966794
302588.4341052323,4124107.2927294816
302588.44307289214,4124107.2425580695
302588.4520236722,4124107.1923829536
302588.46095953096,4124107.142204581
302588.469882173,4124107.092023342
302588.4787930777,4124107.04183958
302588.48769352445,4124106.991653594
302588.4965846144,4124106.9414656456
302588.5054672891,4124106.8912759623
302588.51434234716,4124106.8410847434
302588.52321045706,4124106.7908921605
302588.532072169,4124106.740698363
302588.5409279242,4124106.69050348
302588.54977806244,4124106.6403076206
302588.55862282764,4124106.5901108785
302588.56746237224,4124106.5399133326
302588.5762967597,4124106.4897150467
302588.5851259659,4124106.439516073
302588.5939498779,4124106.389316452
302588.602768293,4124106.3391162134
302588.6115809146,4124106.2889153752
302588.6203873475,4124106.238713946
302588.6291870911,4124106.188511925
302588.6379795306,4124106.1383092995
302588.6467639271,4124106.088106048
302588.6555394044,4124106.0379021373
302588.66430493444,4124105.9876975245
302588.6730593197,4124105.9374921536
302588.68180117273,4124105.8872859553
302588.6905288924,4124105.8370788465
302588.6992406371,4124105.7868707296
302588.707934293,4124105.736661488
302588.716607438,4124105.686450988
302588.7252573004,4124105.6362390737
302588.7338807121,4124105.5860255635
302588.7424740543,4124105.535810251
302588.7510331957,4124105.485592897
302588.75955342257,4124105.4353732294
302588.76802935824,4124105.3851509364
302588.77645487123,4124105.33492566
302588.784822971,4124105.284696993
302588.793125689,4124105.23446447
302588.8013539427,4124105.184227559
302588.8094973811,4124105.1339856535
302588.81754420797,4124105.083738063
302588.8254809813,4124105.0334839993
302588.8332923839,4124104.983222564
302588.84096096264,4124104.9329527337
302588.8484668314,4124104.882673341
302588.8557873317,4124104.8323830557
302588.8628966471,4124104.7820803626
302588.869765363,4124104.731763535
302588.8763599658,4124104.6814306057
302588.882642272,4124104.6310793324
302588.88865047065,4124104.580711958
302588.89441808115,4124104.530330451
302588.89997452364,4124104.4799365406
302588.9053456209,4124104.4295317424
302588.9105540379,4124104.3791173883
302588.91561966785,4124104.328694647
302588.92055997154,4124104.2782645444
302588.9253902745,4124104.2278279806
302588.9301240281,4124104.1773857456
302588.9347730389,4124104.1269385335
302588.9393476696,4124104.076486952
302588.9438570158,4124104.026031536
302588.9483090609,4124103.975572754
302588.9527108118,4124103.925111018
302588.9570684188,4124103.874646689
302588.96138727997,4124103.8241800833
302588.9656721334,4124103.77371148
302588.9699271377,4124103.723241124
302588.974155943,4124103.672769229
302588.9783617531,4124103.6222959836
302588.9825473799,4124103.5718215522
302588.98671529145,4124103.52134608
302588.9908676541,4124103.4708696953
302588.9950063693,4124103.4203925086
302588.9991331061,4124103.369914619
302589.0032493291,4124103.319436111
302589.00735632406,4124103.268957062
302589.0114552194,4124103.218477537
302589.0155470057,4124103.1679975935
302589.0196325522,4124103.1175172837
302589.023712622,4124103.0670366525
302589.0277878849,4124103.0165557386
302589.03185892873,4124102.966074577
302589.0359262694,4124102.915593198
302589.0399903598,4124102.865111628
302589.0440515974,4124102.814629891
302589.0481103312,4124102.764148006
302589.0521668673,4124102.7136659925
302589.0562214745,4124102.6631838656
302589.0602743888,4124102.612701639
302589.06432581716,4124102.5622193255
302589.0683759413,4124102.511736935
302589.0724249208,4124102.461254477
302589.0764728957,4124102.41077196
302589.0805199888,4124102.360289391
302589.08456630807,4124102.309806777
302589.0886119481,4124102.2593241236
302589.09265699197,4124102.208841435
302589.09670151264,4124102.1583587155
302589.10074557416,4124102.107875969
302589.1047892327,4124102.057393199
302589.1088325376,4124102.0069104084
302589.1128755321,4124101.9564276
302589.11691825424,4124101.905944775
302589.1209607373,4124101.855461936
302589.1250030105,4124101.804979085
302589.1290450996,4124101.7544962224
302589.1330870272,4124101.70401335
302589.13712881296,4124101.6535304687
302589.1411704743,4124101.6030475805
302589.14521202643,4124101.552564686
302589.1492534829,4124101.502081786
302589.1532948552,4124101.4515988803
302589.1573361539,4124101.4011159698
302589.1613773878,4124101.3506330554
302589.165418565,4124101.300150138
302589.1694596923,4124101.2496672175
302589.17350077594,4124101.199184294
302589.17754182115,4124101.1487013684
302589.1815828328,4124101.098218441
302589.185623815,4124101.047735512
302589.1896647714,4124100.997252581
302589.19370570505,4124100.946769649
302589.19774661877,4124100.896286716
302589.2017875151,4124100.845803782
302589.2058283961,4124100.7953208466
302589.20986926364,4124100.74483791
302589.21391011943,4124100.694354973
302589.217950965,4124100.643872035
302589.2219918016,4124100.5933890976
302589.2260326302,4124100.5429061595
302589.2300734519,4124100.492423221
302589.23411426734,4124100.4419402825
302589.2381550774,4124100.3914573435
302589.24219588283,4124100.3409744045
302589.24623668427,4124100.290491465
302589.2502774821,4124100.2400085256
302589.25431827677,4124100.1895255856
302589.2583590687,4124100.1390426457
302589.2623998583,4124100.0885597053
302589.26644064573,4124100.038076765
302589.27048143133,4124099.9875938245
302589.27452221536,4124099.937110884
302589.27856299793,4124099.8866279437
302589.28260377934,4124099.8361450033
302589.28664455964,4124099.7856620634
302589.290685339,4124099.735179123
302589.29472611763,4124099.6846961826
302589.29876689555,4124099.634213242
302589.3028076728,4124099.583730302
302589.3068484495,4124099.533247361
302589.3108892257,4124099.4827644206
302589.31493000145,4124099.43228148
302589.3189707768,4124099.3817985402
302589.32301155175,4124099.3313156
302589.3270523264,4124099.2808326595
302589.33109310083,4124099.230349719
302589.33513387496,4124099.1798667787
302589.3391746489,4124099.1293838387
302589.34321542276,4124099.0789008983
302589.3472561965,4124099.028417958
302589.35129697004,4124098.977935017
302589.3553377435,4124098.9274520767
302589.35937851673,4124098.8769691363
302589.36341928993,4124098.8264861964
302589.36746006313,4124098.776003256
302589.37150083634,4124098.7255203156
302589.3755416095,4124098.675037375
302589.37958238256,4124098.624554435
302589.38362315565,4124098.574071495
302589.3876639287,4124098.5235885545
302589.39170470164,4124098.473105614
302589.3957454746,4124098.422622673
302589.3997862475,4124098.372139733
302589.4038270204,4124098.3216567924
302589.4078677932,4124098.2711738525
302589.411908566,4124098.220690912
302589.4159493388,4124098.1702079717
302589.4199901116,4124098.1197250313
