302524.456198327,4123837.01326745
302524.4318840577,4123836.969525649
302524.40756978845,4123836.9257838484
302524.3832555192,4123836.8820420476
302524.3589412499,4123836.8383002467
302524.3346269806,4123836.794558446
302524.31031271134,4123836.750816645
302524.2859984421,4123836.7070748443
302524.2616841728,4123836.663333044
302524.23736990354,4123836.6195912436
302524.2130556343,4123836.5758494427
302524.188741365,4123836.532107642
302524.1644270957,4123836.488365841
302524.1401128264,4123836.4446240403
302524.1157985572,4123836.4008822395
302524.09148428787,4123836.3571404386
302524.06717001856,4123836.313398638
302524.0428557493,4123836.269656837
302524.01854148007,4123836.225915036
302523.99422721076,4123836.182173236
302523.9699129415,4123836.1384314355
302523.94559867226,4123836.0946896346
302523.92128440295,4123836.050947834
302523.89697013365,4123836.007206033
302523.8726558644,4123835.963464232
302523.84834159515,4123835.9197224313
302523.82402732584,4123835.8759806305
302523.79971305653,4123835.8322388297
302523.7753987873,4123835.788497029
302523.75108451804,4123835.7447552285
302523.72677024873,4123835.701013428
302523.7024559795,4123835.6572716273
302523.67814171023,4123835.6135298265
302523.6538274409,4123835.5697880257
302523.6295131716,4123835.526046225
302523.60519890237,4123835.482304424
302523.5808846331,4123835.438562623
302523.5565703638,4123835.3948208224
302523.53225609456,4123835.3510790216
302523.5079418253,4123835.3073372208
302523.483627556,4123835.2635954204
302523.4593132867,4123835.21985362
302523.43499901745,4123835.176111819
302523.4106847482,4123835.1323700184
302523.3863704789,4123835.0886282176
302523.3620562096,4123835.0448864168
302523.33774194034,4123835.001144616
302523.3134276711,4123834.957402815
302523.2891134018,4123834.9136610143
302523.26479913254,4123834.8699192135
302523.2404848633,4123834.8261774126
302523.216170594,4123834.7824356123
302523.1918563247,4123834.738693812
302523.1675420554,4123834.694952011
302523.1432277862,4123834.6512102103
302523.11891351687,4123834.6074684095
302523.09459924756,4123834.5637266086
302523.0702849783,4123834.519984808
302523.04597070906,4123834.476243007
302523.02165643976,4123834.432501206
302522.9973421705,4123834.3887594054
302522.97302790126,4123834.3450176045
302522.94871363195,4123834.301275804
302522.92439936264,4123834.257534004
302522.9000850934,4123834.213792203
302522.87577082415,4123834.170050402
302522.85145655484,4123834.1263086013
302522.8271422856,4123834.0825668005
302522.80282801634,4123834.0388249997
302522.77851374703,4123833.995083199
302522.7541994777,4123833.951341398
302522.7298852085,4123833.9075995972
302522.70557093923,4123833.8638577964
302522.6812566699,4123833.820115996
302522.6569424006,4123833.7763741957
302522.63262813137,4123833.732632395
302522.6083138621,4123833.688890594
302522.5839995928,4123833.6451487932
302522.55968532356,4123833.6014069924
302522.5353710543,4123833.5576651916
302522.511056785,4123833.513923391
302522.4867425157,4123833.47018159
302522.46242824645,4123833.426439789
302522.4381139772,4123833.382697989
302522.4137997079,4123833.3389561884
302522.3894854386,4123833.2952143876
302522.36517116934,4123833.2514725868
302522.3408569001,4123833.207730786
302522.3165426308,4123833.163988985
302522.29222836153,4123833.1202471843
302522.2679140923,4123833.0765053835
302522.243599823,4123833.0327635827
302522.21928555367,4123832.989021782
302522.1949712844,4123832.945279981
302522.1706570152,4123832.9015381807
302522.14634274587,4123832.8577963803
302522.1220284766,4123832.8140545795
302522.09771420737,4123832.7703127787
302522.07339993806,4123832.726570978
302522.04908566875,4123832.682829177
302522.0247713995,4123832.639087376
302522.00045713026,4123832.5953455754
302521.97614286095,4123832.5516037745
302521.95182859164,4123832.5078619737
302521.9275143224,4123832.464120173
302521.90320005314,4123832.4203783725
302521.87888578384,4123832.376636572
302521.8545715146,4123832.3328947714
302521.83025724534,4123832.2891529705
302521.80594297603,4123832.2454111697
302521.7816287067,4123832.201669369
302521.7573144375,4123832.157927568
302521.7330001682,4123832.1141857672
302521.7086858989,4123832.0704439664
302521.6843716296,4123832.0267021656
302521.66005736036,4123831.9829603652
302521.6357430911,4123831.939218565
302521.6114288218,4123831.895476764
302521.58711455256,4123831.8517349632
302521.5628002833,4123831.8079931624
302521.538486014,4123831.7642513616
302521.5141717447,4123831.720509561
302521.48985747545,4123831.67676776
302521.4655432062,4123831.633025959
302521.4412289369,4123831.5892841583
302521.4169146676,4123831.5455423575
302521.39260039834,4123831.501800557
302521.3682861291,4123831.458058757
302521.3439718598,4123831.414316956
302521.31965759053,4123831.370575155
302521.2953433213,4123831.3268333543
302521.271029052,4123831.2830915535
302521.24671478267,4123831.2393497527
302521.2224005134,4123831.195607952
302521.19808624417,4123831.151866151
302521.17377197486,4123831.10812435
302521.1494577056,4123831.06438255
302521.12514343637,4123831.0206407495
302521.10082916706,4123830.9768989487
302521.07651489775,4123830.933157148
302521.0522006285,4123830.889415347
302521.02788635925,4123830.845673546
302521.00357208995,4123830.8019317454
302520.97925782064,4123830.7581899446
302520.9549435514,4123830.7144481437
302520.93062928214,4123830.670706343
302520.90631501283,4123830.626964542
302520.8820007436,4123830.5832227417
302520.85768647434,4123830.5394809414
302520.83337220503,4123830.4957391405
302520.8090579357,4123830.4519973397
302520.7847436665,4123830.408255539
302520.7604293972,4123830.364513738
302520.7361151279,4123830.3207719373
302520.7118008586,4123830.2770301364
302520.68748658936,4123830.2332883356
302520.6631723201,4123830.189546535
302520.6388580508,4123830.145804734
302520.61454378156,4123830.1020629336
302520.5902295123,4123830.0583211333
302520.565915243,4123830.0145793324
302520.5416009737,4123829.9708375316
302520.51728670445,4123829.927095731
302520.4929724352,4123829.88335393
302520.4686581659,4123829.839612129
302520.44434389664,4123829.7958703283
302520.4200296274,4123829.7521285275
302520.3957153581,4123829.7083867267
302520.3714010888,4123829.664644926
302520.3470868195,4123829.6209031255
302520.3227725503,4123829.577161325
302520.298458281,4123829.5334195243
302520.27414401167,4123829.4896777235
302520.2498297424,4123829.4459359227
302520.22551547317,4123829.402194122
302520.20120120386,4123829.358452321
302520.1768869346,4123829.31471052
302520.15257266536,4123829.2709687194
302520.12825839606,4123829.2272269186
302520.10394412675,4123829.1834851177
302520.0796298575,4123829.1397433174
302520.05531558825,4123829.096001517
302520.03100131894,4123829.052259716
302520.00668704964,4123829.0085179154
302519.9823727804,4123828.9647761146
302519.95805851114,4123828.9210343137
302519.93374424183,4123828.877292513
302519.9094299726,4123828.833550712
302519.88511570334,4123828.7898089113
302519.860801434,4123828.7460671104
302519.8364871647,4123828.7023253096
302519.8121728955,4123828.6585835093
302519.7878586262,4123828.614841709
302519.7635443569,4123828.571099908
302519.73923008767,4123828.5273581073
302519.7149158184,4123828.4836163064
302519.6906015491,4123828.4398745056
302519.6662872798,4123828.396132705
302519.64197301056,4123828.352390904
302519.6176587413,4123828.308649103
302519.593344472,4123828.2649073023
302519.5690302027,4123828.2211655015
302519.54471593344,4123828.177423701
302519.5204016642,4123828.133681901
302519.4960873949,4123828.0899401
302519.47177312564,4123828.046198299
302519.4474588564,4123828.0024564983
302519.4231445871,4123827.9587146975
302519.3988303178,4123827.9149728967
302519.3745160485,4123827.871231096
302519.3502017793,4123827.827489295
302519.32588751,4123827.783747494
302519.30157324066,4123827.7400056934
302519.2772589714,4123827.696263893
302519.25294470217,4123827.6525220927
302519.22863043286,4123827.608780292
302519.2043161636,4123827.565038491
302519.18000189436,4123827.52129669
302519.15568762505,4123827.4775548894
302519.13137335575,4123827.4338130886
302519.1070590865,4123827.3900712878
302519.08274481725,4123827.346329487
302519.05843054794,4123827.302587686
302519.0341162787,4123827.2588458857
302519.00980200944,4123827.2151040854
302518.98548774014,4123827.1713622846
302518.96117347083,4123827.1276204837
302518.9368592016,4123827.083878683
302518.91254493233,4123827.040136882
302518.888230663,4123826.9963950813
302518.8639163937,4123826.9526532805
302518.83960212447,4123826.9089114796
302518.8152878552,4123826.865169679
302518.7909735859,4123826.821427878
302518.76665931667,4123826.7776860776
302518.7423450474,4123826.7339442773
302518.7180307781,4123826.6902024765
302518.6937165088,4123826.6464606756
302518.66940223955,4123826.602718875
302518.6450879703,4123826.558977074
302518.620773701,4123826.515235273
302518.5964594317,4123826.4714934723
302518.57214516244,4123826.4277516715
302518.5478308932,4123826.3840098707
302518.5235166239,4123826.34026807
302518.49920235464,4123826.2965262695
302518.4748880854,4123826.252784469
302518.4505738161,4123826.2090426683
302518.4262595468,4123826.1653008675
302518.4019452775,4123826.1215590667
302518.3776310083,4123826.077817266
302518.35331673897,4123826.034075465
302518.3290024697,4123825.990333664
302518.3046882005,4123825.9465918634
302518.28037393116,4123825.9028500626
302518.25605966186,4123825.8591082618
302518.2317453926,4123825.8153664614
302518.20743112336,4123825.771624661
302518.18311685405,4123825.72788286
302518.15880258474,4123825.6841410594
302518.1344883155,4123825.6403992586
302518.11017404625,4123825.5966574578
302518.08585977694,4123825.552915657
302518.0615455077,4123825.509173856
302518.03723123844,4123825.4654320553
302518.01291696914,4123825.4216902545
302517.9886026998,4123825.3779484536
302517.9642884306,4123825.3342066533
302517.93997416133,4123825.290464853
302517.915659892,4123825.246723052
302517.8913456227,4123825.2029812513
302517.86703135347,4123825.1592394505
302517.8427170842,4123825.1154976496
302517.8184028149,4123825.071755849
302517.79408854566,4123825.028014048
302517.7697742764,4123824.984272247
302517.7454600071,4123824.9405304464
302517.7211457378,4123824.8967886455
302517.69683146855,4123824.853046845
302517.6725171993,4123824.809305045
302517.64820293,4123824.765563244
302517.62388866075,4123824.721821443
302517.5995743915,4123824.6780796424
302517.5752601222,4123824.6343378415
302517.5509458529,4123824.5905960407
302517.52663158363,4123824.54685424
302517.5023173144,4123824.503112439
302517.4780030451,4123824.4593706382
302517.4536887758,4123824.415628838
302517.4293745065,4123824.3718870375
302517.4050602373,4123824.3281452367
302517.38074596797,4123824.284403436
302517.3564316987,4123824.240661635
302517.33211742947,4123824.1969198342
302517.30780316016,4123824.1531780334
302517.28348889085,4123824.1094362326
302517.2591746216,4123824.065694432
302517.23486035236,4123824.021952631
302517.21054608305,4123823.97821083
302517.18623181374,4123823.93446903
302517.1619175445,4123823.8907272294
302517.13760327525,4123823.8469854286
302517.11328900594,4123823.803243628
302517.0889747367,4123823.759501827
302517.06466046744,4123823.715760026
302517.04034619813,4123823.6720182253
302517.0160319288,4123823.6282764245
302516.9917176596,4123823.5845346237
302516.9674033903,4123823.540792823
302516.943089121,4123823.497051022
302516.9187748518,4123823.4533092217
302516.8944605825,4123823.4095674213
302516.8701463132,4123823.3658256205
302516.8458320439,4123823.3220838197
302516.82151777466,4123823.278342019
302516.7972035054,4123823.234600218
302516.7728892361,4123823.190858417
302516.7485749668,4123823.1471166164
302516.72426069755,4123823.1033748155
302516.6999464283,4123823.0596330147
302516.675632159,4123823.0158912144
302516.65131788974,4123822.972149414
302516.6270036205,4123822.928407613
302516.6026893512,4123822.8846658124
302516.5783750819,4123822.8409240115
302516.55406081263,4123822.7971822107
302516.5297465434,4123822.75344041
302516.5054322741,4123822.709698609
302516.48111800477,4123822.6659568083
302516.4568037355,4123822.6222150074
302516.4324894663,4123822.5784732066
302516.40817519696,4123822.5347314063
302516.3838609277,4123822.490989606
302516.35954665847,4123822.447247805
302516.33523238916,4123822.4035060043
302516.31091811985,4123822.3597642034
302516.2866038506,4123822.3160224026
302516.26228958135,4123822.272280602
302516.23797531205,4123822.228538801
302516.2136610428,4123822.184797
302516.18934677355,4123822.1410551993
302516.16503250424,4123822.097313399
302516.14071823494,4123822.0535715986
302516.1164039657,4123822.009829798
302516.09208969644,4123821.966087997
302516.06777542713,4123821.922346196
302516.0434611578,4123821.8786043953
302516.0191468886,4123821.8348625945
302515.9948326193,4123821.7911207937
302515.97051835,4123821.747378993
302515.94620408077,4123821.703637192
302515.9218898115,4123821.659895391
302515.8975755422,4123821.616153591
302515.8732612729,4123821.5724117905
302515.84894700366,4123821.5286699897
302515.8246327344,4123821.484928189
302515.8003184651,4123821.441186388
302515.7760041958,4123821.397444587
302515.75168992655,4123821.3537027864
302515.7273756573,4123821.3099609856
302515.703061388,4123821.2662191847
302515.67874711874,4123821.222477384
302515.6544328495,4123821.178735583
302515.6301185802,4123821.1349937827
302515.6058043109,4123821.0912519824
302515.58149004163,4123821.0475101816
302515.5571757724,4123821.0037683807
302515.5328615031,4123820.96002658
302515.5085472338,4123820.916284779
302515.4842329646,4123820.8725429783
302515.45991869527,4123820.8288011774
302515.43560442596,4123820.7850593766
302515.4112901567,4123820.741317576
302515.38697588746,4123820.697575775
302515.36266161816,4123820.6538339746
302515.33834734885,4123820.6100921743
302515.3140330796,4123820.5663503734
302515.28971881035,4123820.5226085726
302515.26540454105,4123820.478866772
302515.2410902718,4123820.435124971
302515.21677600255,4123820.39138317
302515.19246173324,4123820.3476413693
302515.16814746393,4123820.3038995685
302515.1438331947,4123820.2601577677
302515.11951892544,4123820.216415967
302515.0952046561,4123820.1726741665
302515.0708903868,4123820.128932366
302515.0465761176,4123820.0851905653
302515.0222618483,4123820.0414487645
302514.997947579,4123819.9977069637
302514.97363330977,4123819.953965163
302514.9493190405,4123819.910223362
302514.9250047712,4123819.866481561
302514.9006905019,4123819.8227397604
302514.87637623266,4123819.7789979596
302514.8520619634,4123819.7352561587
302514.8277476941,4123819.6915143584
302514.80343342485,4123819.647772558
302514.7791191556,4123819.604030757
302514.7548048863,4123819.5602889564
302514.730490617,4123819.5165471556
302514.70617634774,4123819.4728053547
302514.6818620785,4123819.429063554
302514.6575478092,4123819.385321753
302514.6332335399,4123819.3415799523
302514.6089192706,4123819.2978381515
302514.5846050014,4123819.2540963506
302514.5602907321,4123819.2103545503
302514.5359764628,4123819.16661275
302514.5116621936,4123819.122870949
302514.48734792427,4123819.0791291483
302514.46303365496,4123819.0353873475
302514.4387193857,4123818.9916455466
302514.41440511646,4123818.947903746
302514.39009084716,4123818.904161945
302514.36577657785,4123818.860420144
302514.3414623086,4123818.8166783433
302514.31714803935,4123818.772936543
302514.29283377004,4123818.7291947426
302514.2685195008,4123818.685452942
302514.24420523155,4123818.641711141
302514.21989096224,4123818.59796934
302514.19557669293,4123818.5542275393
302514.1712624237,4123818.5104857385
302514.14694815443,4123818.4667439377
302514.1226338851,4123818.423002137
302514.0983196159,4123818.379260336
302514.0740053466,4123818.335518535
302514.0496910773,4123818.291776735
302514.025376808,4123818.2480349345
302514.00106253877,4123818.2042931337
302513.9767482695,4123818.160551333
302513.9524340002,4123818.116809532
302513.9281197309,4123818.073067731
302513.90380546165,4123818.0293259304
302513.8794911924,4123817.9855841296
302513.8551769231,4123817.9418423288
302513.83086265385,4123817.898100528
302513.8065483846,4123817.854358727
302513.7822341153,4123817.8106169268
302513.757919846,4123817.7668751264
302513.73360557674,4123817.7231333256
302513.7092913075,4123817.6793915248
302513.6849770382,4123817.635649724
302513.6606627689,4123817.591907923
302513.6363484996,4123817.5481661223
302513.6120342304,4123817.5044243215
302513.58771996107,4123817.4606825206
302513.5634056918,4123817.41694072
302513.5390914226,4123817.373198919
302513.51477715326,4123817.3294571186
302513.49046288396,4123817.2857153183
302513.4661486147,4123817.2419735175
302513.44183434546,4123817.1982317166
302513.41752007615,4123817.154489916
302513.3932058069,4123817.110748115
302513.36889153766,4123817.067006314
302513.34457726835,4123817.0232645134
302513.32026299904,4123816.9795227125
302513.2959487298,4123816.9357809117
302513.27163446054,4123816.892039111
302513.24732019124,4123816.8482973105
302513.22300592193,4123816.80455551
302513.1986916527,4123816.7608137093
302513.17437738343,4123816.7170719085
302513.1500631141,4123816.6733301077
302513.1257488449,4123816.629588307
302513.1014345756,4123816.585846506
302513.0771203063,4123816.5421047052
302513.052806037,4123816.4983629044
302513.02849176776,4123816.4546211036
302513.0041774985,4123816.410879303
302512.9798632292,4123816.3671375024
302512.9555489599,4123816.323395702
302512.93123469065,4123816.2796539012
302512.9069204214,4123816.2359121004
302512.8826061521,4123816.1921702996
302512.85829188285,4123816.148428499
302512.8339776136,4123816.104686698
302512.8096633443,4123816.060944897
302512.785349075,4123816.0172030963
302512.76103480574,4123815.9734612955
302512.7367205365,4123815.9297194947
302512.7124062672,4123815.8859776943
302512.68809199793,4123815.842235894
302512.6637777287,4123815.798494093
302512.6394634594,4123815.7547522923
302512.61514919007,4123815.7110104915
302512.5908349208,4123815.6672686907
302512.56652065157,4123815.62352689
302512.54220638226,4123815.579785089
302512.51789211296,4123815.536043288
302512.4935778437,4123815.4923014874
302512.46926357446,4123815.448559687
302512.44494930515,4123815.4048178867
302512.4206350359,4123815.361076086
302512.39632076665,4123815.317334285
302512.37200649735,4123815.273592484
302512.34769222804,4123815.2298506834
302512.3233779588,4123815.1861088825
302512.29906368954,4123815.1423670817
302512.27474942023,4123815.098625281
302512.2504351509,4123815.05488348
302512.2261208817,4123815.0111416792
302512.20180661243,4123814.967399879
302512.1774923431,4123814.9236580785
302512.1531780739,4123814.8799162777
302512.1288638046,4123814.836174477
302512.1045495353,4123814.792432676
302512.080235266,4123814.7486908752
302512.05592099676,4123814.7049490744
302512.0316067275,4123814.6612072736
302512.0072924582,4123814.617465473
302511.98297818896,4123814.573723672
302511.9586639197,4123814.529981871
302511.9343496504,4123814.486240071
302511.9100353811,4123814.4424982704
302511.88572111184,4123814.3987564696
302511.8614068426,4123814.355014669
302511.8370925733,4123814.311272868
302511.812778304,4123814.267531067
302511.78846403473,4123814.2237892663
302511.7641497655,4123814.1800474655
302511.7398354962,4123814.1363056647
302511.7155212269,4123814.092563864
302511.6912069577,4123814.0488220635
302511.6668926884,4123814.005080263
302511.64257841907,4123813.9613384623
302511.6182641498,4123813.9175966615
302511.59394988057,4123813.8738548607
302511.56963561126,4123813.83011306
302511.54532134195,4123813.786371259
302511.5210070727,4123813.742629458
302511.49669280346,4123813.6988876574
302511.47237853415,4123813.6551458566
302511.4480642649,4123813.6114040557
302511.42374999565,4123813.5676622554
302511.39943572634,4123813.523920455
302511.37512145704,4123813.480178654
302511.3508071878,4123813.4364368534
302511.32649291854,4123813.3926950525
302511.30217864923,4123813.3489532517
302511.2778643799,4123813.305211451
302511.2535501107,4123813.26146965
302511.2292358414,4123813.2177278493
302511.2049215721,4123813.1739860484
302511.1806073029,4123813.130244248
302511.1562930336,4123813.0865024477
302511.1319787643,4123813.042760647
302511.107664495,4123812.999018846
302511.08335022576,4123812.9552770453
302511.0590359565,4123812.9115352444
302511.0347216872,4123812.8677934436
302511.01040741795,4123812.824051643
302510.9860931487,4123812.780309842
302510.9617788794,4123812.736568041
302510.9374646101,4123812.6928262403
302510.91315034084,4123812.64908444
302510.8888360716,4123812.6053426396
302510.8645218023,4123812.561600839
302510.840207533,4123812.517859038
302510.81589326373,4123812.474117237
302510.7915789945,4123812.4303754363
302510.7672647252,4123812.3866336355
302510.7429504559,4123812.3428918347
302510.7186361867,4123812.299150034
302510.69432191737,4123812.255408233
302510.67000764806,4123812.211666432
302510.6456933788,4123812.167924632
302510.62137910957,4123812.1241828315
302510.59706484026,4123812.0804410307
302510.57275057095,4123812.03669923
302510.5484363017,4123811.992957429
302510.52412203245,4123811.949215628
302510.49980776315,4123811.9054738274
302510.4754934939,4123811.8617320266
302510.45117922465,4123811.8179902257
302510.42686495534,4123811.774248425
302510.40255068603,4123811.730506624
302510.3782364168,4123811.6867648237
302510.35392214754,4123811.6430230234
302510.32960787823,4123811.5992812226
302510.305293609,4123811.5555394217
302510.28097933973,4123811.511797621
302510.2566650704,4123811.46805582
302510.2323508011,4123811.4243140193
302510.20803653187,4123811.3805722184
302510.1837222626,4123811.3368304176
302510.1594079933,4123811.293088617
302510.135093724,4123811.249346816
302510.11077945476,4123811.2056050156
302510.0864651855,4123811.1618632153
302510.0621509162,4123811.1181214144
302510.03783664695,4123811.0743796136
302510.0135223777,4123811.030637813
302509.9892081084,4123810.986896012
302509.9648938391,4123810.943154211
302509.94057956984,4123810.8994124103
302509.9162653006,4123810.8556706095
302509.8919510313,4123810.8119288087
302509.867636762,4123810.768187008
302509.8433224927,4123810.7244452075
302509.8190082235,4123810.680703407
302509.7946939542,4123810.6369616063
302509.7703796849,4123810.5932198055
302509.7460654157,4123810.5494780047
302509.72175114637,4123810.505736204
302509.69743687706,4123810.461994403
302509.6731226078,4123810.418252602
302509.64880833856,4123810.3745108014
302509.62449406926,4123810.3307690006
302509.6001798,4123810.2870272
302509.57586553076,4123810.2432854
302509.55155126145,4123810.199543599
302509.52723699214,4123810.155801798
302509.5029227229,4123810.1120599974
302509.47860845365,4123810.0683181966
302509.45429418434,4123810.0245763958
302509.42997991503,4123809.980834595
302509.4056656458,4123809.937092794
302509.38135137653,4123809.8933509933
302509.3570371072,4123809.8496091925
302509.332722838,4123809.805867392
302509.30840856873,4123809.7621255917
302509.2840942994,4123809.718383791
302509.2597800301,4123809.67464199
302509.23546576087,4123809.6309001893
302509.2111514916,4123809.5871583885
302509.1868372223,4123809.5434165876
302509.162522953,4123809.499674787
302509.13820868375,4123809.455932986
302509.1138944145,4123809.412191185
302509.0895801452,4123809.3684493843
302509.06526587595,4123809.324707584
302509.0409516067,4123809.2809657836
302509.0166373374,4123809.237223983
302508.9923230681,4123809.193482182
302508.96800879884,4123809.149740381
302508.9436945296,4123809.1059985803
302508.9193802603,4123809.0622567795
302508.89506599103,4123809.0185149787
302508.8707517218,4123808.974773178
302508.8464374525,4123808.931031377
302508.82212318317,4123808.887289576
302508.7978089139,4123808.843547776
302508.7734946447,4123808.7998059755
302508.74918037537,4123808.7560641747
302508.72486610606,4123808.712322374
302508.7005518368,4123808.668580573
302508.67623756756,4123808.624838772
302508.65192329825,4123808.5810969714
302508.627609029,4123808.5373551706
302508.60329475976,4123808.4936133698
302508.57898049045,4123808.449871569
302508.55466622114,4123808.406129768
302508.5303519519,4123808.3623879678
302508.50603768264,4123808.3186461674
302508.48172341334,4123808.2749043666
302508.45740914403,4123808.2311625658
302508.4330948748,4123808.187420765
302508.40878060553,4123808.143678964
302508.3844663362,4123808.0999371633
302508.360152067,4123808.0561953625
302508.3358377977,4123808.0124535616
302508.3115235284,4123807.968711761
302508.2872092591,4123807.92496996
302508.26289498986,4123807.8812281596
302508.2385807206,4123807.8374863593
302508.2142664513,4123807.7937445585
302508.18995218206,4123807.7500027576
302508.1656379128,4123807.706260957
302508.1413236435,4123807.662519156
302508.1170093742,4123807.618777355
302508.09269510495,4123807.5750355544
302508.0683808357,4123807.5312937535
302508.0440665664,4123807.4875519527
302508.0197522971,4123807.443810152
302507.99543802784,4123807.4000683515
302507.9711237586,4123807.356326551
302507.9468094893,4123807.3125847504
302507.92249522003,4123807.2688429495
302507.8981809508,4123807.2251011487
302507.8738666815,4123807.181359348
302507.84955241217,4123807.137617547
302507.8252381429,4123807.0938757462
302507.80092387367,4123807.0501339454
302507.77660960436,4123807.0063921446
302507.75229533506,4123806.962650344
302507.7279810658,4123806.9189085434
302507.70366679656,4123806.875166743
302507.67935252725,4123806.8314249422
302507.655038258,4123806.7876831414
302507.63072398875,4123806.7439413406
302507.60640971945,4123806.70019954
302507.58209545014,4123806.656457739
302507.5577811809,4123806.612715938
302507.53346691164,4123806.5689741373
302507.50915264233,4123806.5252323365
302507.4848383731,4123806.481490536
302507.46052410384,4123806.437748736
302507.43620983453,4123806.394006935
302507.4118955652,4123806.350265134
302507.387581296,4123806.3065233333
302507.3632670267,4123806.2627815325
302507.3389527574,4123806.2190397317
302507.3146384881,4123806.175297931
302507.29032421886,4123806.13155613
302507.2660099496,4123806.087814329
302507.2416956803,4123806.0440725284
302507.21738141106,4123806.000330728
302507.1930671418,4123805.9565889277
302507.1687528725,4123805.912847127
302507.1444386032,4123805.869105326
302507.12012433395,4123805.825363525
302507.0958100647,4123805.7816217244
302507.0714957954,4123805.7378799235
302507.0471815261,4123805.6941381227
302507.02286725683,4123805.650396322
302506.9985529876,4123805.606654521
302506.9742387183,4123805.5629127203
302506.949924449,4123805.51917092
302506.9256101798,4123805.4754291195
302506.9012959105,4123805.4316873187
302506.87698164117,4123805.387945518
302506.8526673719,4123805.344203717
302506.82835310267,4123805.3004619163
302506.80403883336,4123805.2567201154
302506.7797245641,4123805.2129783146
302506.75541029486,4123805.169236514
302506.73109602556,4123805.125494713
302506.70678175625,4123805.0817529126
302506.682467487,4123805.0380111123
302506.65815321775,4123804.9942693114
302506.63383894844,4123804.9505275106
302506.60952467914,4123804.90678571
302506.5852104099,4123804.863043909
302506.56089614064,4123804.819302108
302506.53658187133,4123804.7755603073
302506.5122676021,4123804.7318185065
302506.48795333283,4123804.6880767057
302506.4636390635,4123804.644334905
302506.4393247942,4123804.6005931045
302506.415010525,4123804.556851304
302506.3906962557,4123804.5131095033
302506.3663819864,4123804.4693677025
302506.3420677171,4123804.4256259017
302506.31775344786,4123804.381884101
302506.2934391786,4123804.3381423
302506.2691249093,4123804.294400499
302506.24481064006,4123804.2506586984
302506.2204963708,4123804.2069168976
302506.1961821015,4123804.163175097
302506.1718678322,4123804.119433297
302506.14755356294,4123804.075691496
302506.1232392937,4123804.031949695
302506.0989250244,4123803.9882078944
302506.07461075514,4123803.9444660936
302506.0502964859,4123803.9007242927
302506.0259822166,4123803.856982492
302506.0016679473,4123803.813240691
302505.977353678,4123803.7694988903
302505.9530394088,4123803.7257570894
302505.92872513947,4123803.682015289
302505.90441087016,4123803.6382734887
302505.8800966009,4123803.594531688
302505.85578233167,4123803.550789887
302505.83146806236,4123803.5070480863
302505.8071537931,4123803.4633062854
302505.78283952386,4123803.4195644846
302505.75852525455,4123803.375822684
302505.73421098525,4123803.332080883
302505.709896716,4123803.288339082
302505.68558244675,4123803.2445972813
302505.66126817744,4123803.200855481
302505.63695390814,4123803.1571136806
302505.6126396389,4123803.11337188
302505.58832536964,4123803.069630079
302505.56401110033,4123803.025888278
302505.5396968311,4123802.9821464773
302505.51538256183,4123802.9384046765
302505.4910682925,4123802.8946628757
302505.4667540232,4123802.850921075
302505.44243975397,4123802.807179274
302505.4181254847,4123802.763437473
302505.3938112154,4123802.719695673
302505.36949694616,4123802.6759538725
302505.3451826769,4123802.6322120717
302505.3208684076,4123802.588470271
302505.2965541383,4123802.54472847
302505.27223986905,4123802.500986669
302505.2479255998,4123802.4572448684
302505.2236113305,4123802.4135030676
302505.1992970612,4123802.3697612667
302505.17498279194,4123802.326019466
302505.1506685227,4123802.282277665
302505.1263542534,4123802.2385358647
302505.10203998414,4123802.1947940644
302505.0777257149,4123802.1510522636
302505.0534114456,4123802.1073104627
302505.0290971763,4123802.063568662
302505.004782907,4123802.019826861
302504.9804686378,4123801.9760850603
302504.95615436847,4123801.9323432595
302504.93184009916,4123801.8886014586
302504.9075258299,4123801.844859658
302504.88321156066,4123801.8011178575
302504.85889729136,4123801.757376057
302504.8345830221,4123801.7136342563
302504.81026875286,4123801.6698924555
302504.78595448355,4123801.6261506546
302504.76164021424,4123801.582408854
302504.737325945,4123801.538667053
302504.71301167575,4123801.494925252
302504.68869740644,4123801.4511834513
302504.6643831372,4123801.4074416505
302504.64006886794,4123801.3636998497
302504.61575459864,4123801.3199580493
302504.5914403293,4123801.276216249
302504.5671260601,4123801.232474448
302504.54281179083,4123801.1887326473
302504.5184975215,4123801.1449908465
302504.4941832522,4123801.1012490457
302504.46986898297,4123801.057507245
302504.4455547137,4123801.013765444
302504.4212404444,4123800.970023643
302504.39692617516,4123800.9262818424
302504.3726119059,4123800.8825400416
302504.3482976366,4123800.838798241
302504.3239833673,4123800.795056441
302504.29966909805,4123800.75131464
302504.2753548288,4123800.707572839
302504.2510405595,4123800.6638310384
302504.2267262902,4123800.6200892376
302504.20241202094,4123800.5763474368
302504.1780977517,4123800.532605636
302504.1537834824,4123800.488863835
302504.12946921313,4123800.4451220343
302504.1051549439,4123800.4013802335
302504.0808406746,4123800.357638433
302504.0565264053,4123800.3138966328
302504.032212136,4123800.270154832
302504.0078978668,4123800.226413031
302503.98358359747,4123800.1826712303
302503.9592693282,4123800.1389294295
302503.93495505897,4123800.0951876286
302503.91064078966,4123800.051445828
302503.88632652035,4123800.007704027
302503.8620122511,4123799.963962226
302503.83769798186,4123799.9202204254
302503.81338371255,4123799.876478625
302503.78906944324,4123799.8327368246
302503.764755174,4123799.788995024
302503.74044090474,4123799.745253223
302503.71612663544,4123799.701511422
302503.6918123662,4123799.6577696213
302503.66749809694,4123799.6140278205
302503.64318382763,4123799.5702860197
302503.6188695583,4123799.526544219
302503.5945552891,4123799.482802418
302503.5702410198,4123799.4390606172
302503.5459267505,4123799.395318817
302503.5216124812,4123799.3515770165
302503.49729821197,4123799.3078352157
302503.4729839427,4123799.264093415
302503.4486696734,4123799.220351614
302503.42435540416,4123799.1766098132
302503.4000411349,4123799.1328680124
302503.3757268656,4123799.0891262116
302503.3514125963,4123799.045384411
302503.32709832705,4123799.00164261
302503.3027840578,4123798.957900809
302503.2784697885,4123798.914159009
302503.25415551924,4123798.8704172084
302503.22984125,4123798.8266754076
302503.2055269807,4123798.7829336068
302503.1812127114,4123798.739191806
302503.15689844213,4123798.695450005
302503.1325841729,4123798.6517082043
302503.1082699036,4123798.6079664035
302503.08395563427,4123798.5642246027
302503.059641365,4123798.520482802
302503.0353270958,4123798.476741001
302503.01101282646,4123798.4329992007
302502.9866985572,4123798.3892574003
302502.96238428797,4123798.3455155995
302502.93807001866,4123798.3017737987
302502.91375574935,4123798.258031998
302502.8894414801,4123798.214290197
302502.86512721085,4123798.170548396
302502.84081294155,4123798.1268065954
302502.81649867224,4123798.0830647945
302502.792184403,4123798.0393229937
302502.76787013374,4123797.9955811934
302502.74355586444,4123797.951839393
302502.7192415952,4123797.908097592
302502.69492732594,4123797.8643557914
302502.67061305663,4123797.8206139905
302502.6462987873,4123797.7768721897
302502.6219845181,4123797.733130389
302502.5976702488,4123797.689388588
302502.5733559795,4123797.6456467872
302502.54904171027,4123797.6019049864
302502.524727441,4123797.5581631856
302502.5004131717,4123797.5144213852
302502.4760989024,4123797.470679585
302502.45178463316,4123797.426937784
302502.4274703639,4123797.3831959832
302502.4031560946,4123797.3394541824
302502.3788418253,4123797.2957123816
302502.35452755605,4123797.251970581
302502.3302132868,4123797.20822878
302502.3058990175,4123797.164486979
302502.28158474824,4123797.1207451783
302502.257270479,4123797.0770033775
302502.2329562097,4123797.033261577
302502.2086419404,4123796.989519777
302502.18432767113,4123796.945777976
302502.1600134019,4123796.902036175
302502.1356991326,4123796.8582943743
302502.11138486327,4123796.8145525735
302502.087070594,4123796.7708107727
302502.06275632477,4123796.727068972
302502.03844205546,4123796.683327171
302502.0141277862,4123796.63958537
302501.98981351696,4123796.5958435694
302501.96549924766,4123796.552101769
302501.94118497835,4123796.5083599687
302501.9168707091,4123796.464618168
302501.89255643985,4123796.420876367
302501.86824217055,4123796.377134566
302501.8439279013,4123796.3333927654
302501.81961363205,4123796.2896509646
302501.79529936274,4123796.2459091637
302501.77098509343,4123796.202167363
302501.7466708242,4123796.158425562
302501.72235655494,4123796.1146837617
302501.6980422856,4123796.0709419614
302501.6737280163,4123796.0272001605
302501.6494137471,4123795.9834583597
302501.6250994778,4123795.939716559
302501.6007852085,4123795.895974758
302501.57647093927,4123795.8522329573
302501.55215667,4123795.8084911564
302501.5278424007,4123795.7647493556
302501.5035281314,4123795.721007555
302501.47921386216,4123795.677265754
302501.4548995929,4123795.6335239536
302501.4305853236,4123795.5897821533
302501.4062710543,4123795.5460403524
302501.38195678504,4123795.5022985516
302501.3576425158,4123795.458556751
302501.3333282465,4123795.41481495
302501.30901397724,4123795.371073149
302501.284699708,4123795.3273313483
302501.2603854387,4123795.2835895475
302501.2360711694,4123795.2398477467
302501.2117569001,4123795.1961059463
302501.1874426309,4123795.152364146
302501.1631283616,4123795.108622345
302501.13881409226,4123795.0648805443
302501.114499823,4123795.0211387435
302501.09018555377,4123794.9773969427
302501.06587128446,4123794.933655142
302501.0415570152,4123794.889913341
302501.01724274596,4123794.84617154
302500.99292847665,4123794.8024297394
302500.96861420735,4123794.7586879386
302500.9442999381,4123794.714946138
302500.91998566885,4123794.671204338
302500.89567139954,4123794.627462537
302500.8713571303,4123794.583720736
302500.84704286105,4123794.5399789354
302500.82272859174,4123794.4962371346
302500.79841432243,4123794.4524953337
302500.7741000532,4123794.408753533
302500.74978578393,4123794.365011732
302500.7254715146,4123794.3212699313
302500.7011572453,4123794.2775281304
302500.67684297607,4123794.23378633
302500.6525287068,4123794.1900445297
302500.6282144375,4123794.146302729
302500.60390016827,4123794.102560928
302500.579585899,4123794.0588191273
302500.5552716297,4123794.0150773264
302500.5309573604,4123793.9713355256
302500.50664309115,4123793.927593725
302500.4823288219,4123793.883851924
302500.4580145526,4123793.840110123
302500.4337002833,4123793.7963683223
302500.40938601404,4123793.752626522
302500.3850717448,4123793.7088847216
302500.3607574755,4123793.665142921
302500.33644320624,4123793.62140112
302500.312128937,4123793.577659319
302500.2878146677,4123793.5339175183
302500.2635003984,4123793.4901757175
302500.2391861291,4123793.4464339167
302500.2148718599,4123793.402692116
302500.19055759057,4123793.358950315
302500.1662433213,4123793.3152085147
302500.1419290521,4123793.2714667143
302500.11761478276,4123793.2277249135
302500.09330051346,4123793.1839831127
302500.0689862442,4123793.140241312
302500.04467197496,4123793.096499511
302500.02035770565,4123793.05275771
302499.99604343635,4123793.0090159094
302499.9717291671,4123792.9652741086
302499.94741489785,4123792.9215323078
302499.92310062854,4123792.877790507
302499.8987863593,4123792.8340487066
302499.87447209004,4123792.790306906
302499.85015782074,4123792.7465651054
302499.8258435514,4123792.7028233046
302499.8015292822,4123792.6590815037
302499.77721501293,4123792.615339703
302499.7529007436,4123792.571597902
302499.7285864743,4123792.5278561013
302499.70427220507,4123792.4841143005
302499.6799579358,4123792.4403724996
302499.6556436665,4123792.396630699
302499.63132939726,4123792.3528888985
302499.607015128,4123792.309147098
302499.5827008587,4123792.2654052973
302499.5583865894,4123792.2216634965
302499.53407232015,4123792.1779216956
302499.5097580509,4123792.134179895
302499.4854437816,4123792.090438094
302499.46112951235,4123792.046696293
302499.4368152431,4123792.0029544923
302499.4125009738,4123791.9592126915
302499.3881867045,4123791.9154708907
302499.36387243523,4123791.8717290903
302499.339558166,4123791.82798729
302499.3152438967,4123791.784245489
302499.2909296274,4123791.7405036883
302499.2666153581,4123791.6967618875
302499.2423010889,4123791.6530200867
302499.21798681957,4123791.609278286
302499.1936725503,4123791.565536485
302499.16935828107,4123791.521794684
302499.14504401176,4123791.4780528834
302499.12072974246,4123791.4343110826
302499.0964154732,4123791.390569282
302499.07210120396,4123791.346827482
302499.04778693465,4123791.303085681
302499.02347266534,4123791.25934388
302498.9991583961,4123791.2156020794
302498.97484412685,4123791.1718602786
302498.95052985754,4123791.1281184778
302498.9262155883,4123791.084376677
302498.90190131904,4123791.040634876
302498.87758704973,4123790.9968930753
302498.8532727804,4123790.9531512745
302498.8289585112,4123790.909409474
302498.8046442419,4123790.8656676738
302498.7803299726,4123790.821925873
302498.7560157034,4123790.778184072
302498.7317014341,4123790.7344422713
302498.7073871648,4123790.6907004705
302498.6830728955,4123790.6469586696
302498.65875862626,4123790.603216869
302498.634444357,4123790.559475068
302498.6101300877,4123790.515733267
302498.5858158184,4123790.4719914664
302498.56150154915,4123790.428249666
302498.5371872799,4123790.3845078656
302498.5128730106,4123790.340766065
302498.48855874134,4123790.297024264
302498.4642444721,4123790.253282463
302498.4399302028,4123790.2095406624
302498.4156159335,4123790.1657988615
302498.39130166423,4123790.1220570607
302498.366987395,4123790.07831526
302498.3426731257,4123790.034573459
302498.31835885637,4123789.9908316582
302498.2940445871,4123789.947089858
302498.2697303179,4123789.9033480575
302498.24541604856,4123789.8596062567
302498.2211017793,4123789.815864456
302498.19678751007,4123789.772122655
302498.17247324076,4123789.7283808542
302498.14815897145,4123789.6846390534
302498.1238447022,4123789.6408972526
302498.09953043296,4123789.597155452
302498.07521616365,4123789.553413651
302498.0509018944,4123789.5096718506
302498.02658762515,4123789.4659300502
302498.00227335584,4123789.4221882494
302497.97795908654,4123789.3784464486
302497.9536448173,4123789.334704648
302497.92933054804,4123789.290962847
302497.90501627873,4123789.247221046
302497.8807020094,4123789.2034792453
302497.8563877402,4123789.1597374445
302497.8320734709,4123789.1159956437
302497.8077592016,4123789.072253843
302497.7834449324,4123789.0285120425
302497.7591306631,4123788.984770242
302497.7348163938,4123788.9410284413
302497.7105021245,4123788.8972866405
302497.68618785526,4123788.8535448397
302497.661873586,4123788.809803039
302497.6375593167,4123788.766061238
302497.6132450474,4123788.722319437
302497.58893077815,4123788.6785776364
302497.5646165089,4123788.6348358355
302497.5403022396,4123788.5910940347
302497.51598797034,4123788.5473522344
302497.4916737011,4123788.503610434
302497.4673594318,4123788.459868633
302497.4430451625,4123788.4161268324
302497.41873089323,4123788.3723850315
302497.394416624,4123788.3286432307
302497.3701023547,4123788.28490143
302497.3457880854,4123788.241159629
302497.3214738162,4123788.1974178283
302497.29715954687,4123788.1536760274
302497.27284527756,4123788.1099342266
302497.2485310083,4123788.0661924263
302497.22421673907,4123788.022450626
302497.19990246976,4123787.978708825
302497.17558820045,4123787.9349670243
302497.1512739312,4123787.8912252234
302497.12695966195,4123787.8474834226
302497.10264539265,4123787.803741622
302497.0783311234,4123787.759999821
302497.05401685415,4123787.71625802
302497.02970258484,4123787.6725162193
302497.00538831553,4123787.628774419
302496.9810740463,4123787.5850326186
302496.95675977704,4123787.541290818
302496.93244550773,4123787.497549017
302496.9081312384,4123787.453807216
302496.8838169692,4123787.4100654153
302496.8595026999,4123787.3663236145
302496.8351884306,4123787.3225818137
302496.81087416137,4123787.278840013
302496.7865598921,4123787.235098212
302496.7622456228,4123787.191356411
302496.7379313535,4123787.147614611
302496.71361708426,4123787.1038728105
302496.689302815,4123787.0601310097
302496.6649885457,4123787.016389209
302496.64067427645,4123786.972647408
302496.6163600072,4123786.928905607
302496.5920457379,4123786.8851638064
302496.5677314686,4123786.8414220056
302496.54341719934,4123786.7976802047
302496.5191029301,4123786.753938404
302496.4947886608,4123786.710196603
302496.4704743915,4123786.6664548027
302496.4461601222,4123786.6227130024
302496.421845853,4123786.5789712016
302496.3975315837,4123786.5352294007
302496.3732173144,4123786.4914876
302496.3489030452,4123786.447745799
302496.32458877587,4123786.4040039983
302496.30027450656,4123786.3602621974
302496.2759602373,4123786.3165203966
302496.25164596806,4123786.272778596
302496.22733169876,4123786.2290367954
302496.20301742945,4123786.185294995
302496.1787031602,4123786.1415531943
302496.15438889095,4123786.0978113934
302496.13007462164,4123786.0540695926
302496.1057603524,4123786.010327792
302496.08144608315,4123785.966585991
302496.05713181384,4123785.92284419
302496.03281754453,4123785.8791023893
302496.0085032753,4123785.8353605885
302495.98418900603,4123785.7916187877
302495.9598747367,4123785.7478769873
302495.9355604675,4123785.704135187
302495.91124619823,4123785.660393386
302495.8869319289,4123785.6166515853
302495.8626176596,4123785.5729097845
302495.83830339037,4123785.5291679837
302495.8139891211,4123785.485426183
302495.7896748518,4123785.441684382
302495.7653605825,4123785.397942581
302495.74104631325,4123785.3542007804
302495.716732044,4123785.3104589796
302495.6924177747,4123785.266717179
302495.66810350545,4123785.222975379
302495.6437892362,4123785.179233578
302495.6194749669,4123785.135491777
302495.5951606976,4123785.0917499764
302495.57084642834,4123785.0480081756
302495.5465321591,4123785.0042663747
302495.5222178898,4123784.960524574
302495.4979036205,4123784.916782773
302495.4735893512,4123784.8730409723
302495.449275082,4123784.829299172
302495.42496081267,4123784.7855573716
302495.4006465434,4123784.7418155707
302495.3763322742,4123784.69807377
302495.35201800487,4123784.654331969
302495.32770373556,4123784.6105901683
302495.3033894663,4123784.5668483675
302495.27907519706,4123784.5231065666
302495.25476092775,4123784.479364766
302495.2304466585,4123784.435622965
302495.20613238926,4123784.391881164
302495.18181811995,4123784.348139364
302495.15750385064,4123784.3043975635
302495.1331895814,4123784.2606557626
302495.10887531214,4123784.216913962
302495.08456104284,4123784.173172161
302495.06024677353,4123784.12943036
302495.0359325043,4123784.0856885593
302495.01161823503,4123784.0419467585
302494.9873039657,4123783.9982049577
302494.9629896965,4123783.954463157
302494.9386754272,4123783.910721356
302494.9143611579,4123783.8669795557
302494.8900468886,4123783.8232377553
302494.86573261936,4123783.7794959545
302494.8414183501,4123783.7357541537
302494.8171040808,4123783.692012353
302494.7927898115,4123783.648270552
302494.76847554225,4123783.604528751
302494.744161273,4123783.5607869504
302494.7198470037,4123783.5170451496
302494.69553273445,4123783.4733033488
302494.6712184652,4123783.429561548
302494.6469041959,4123783.3858197476
302494.6225899266,4123783.342077947
302494.59827565734,4123783.2983361464
302494.5739613881,4123783.2545943456
302494.5496471188,4123783.2108525448
302494.52533284953,4123783.167110744
302494.5010185803,4123783.123368943
302494.476704311,4123783.0796271423
302494.45239004167,4123783.0358853415
302494.4280757724,4123782.9921435406
302494.40376150317,4123782.94840174
302494.37944723386,4123782.9046599395
302494.35513296456,4123782.860918139
302494.3308186953,4123782.8171763383
302494.30650442606,4123782.7734345375
302494.28219015675,4123782.7296927366
302494.2578758875,4123782.685950936
302494.23356161825,4123782.642209135
302494.20924734895,4123782.598467334
302494.18493307964,4123782.5547255334
302494.1606188104,4123782.5109837325
302494.13630454114,4123782.4672419317
302494.11199027183,4123782.4235001314
302494.0876760025,4123782.379758331
302494.0633617333,4123782.33601653
302494.03904746403,4123782.2922747293
