302604.04011510743,4124047.1124381702
302604.0399595221,4124047.163782553
302604.03980393667,4124047.215126933
302604.0396483511,4124047.26647131
302604.0394927653,4124047.317815682
302604.03933717933,4124047.3691600477
302604.03918159293,4124047.4205044056
302604.0390260062,4124047.471848753
302604.03887041897,4124047.523193089
302604.0387148311,4124047.574537411
302604.0385592425,4124047.6258817166
302604.03840365313,4124047.6772260037
302604.03824806295,4124047.728570269
302604.0380924718,4124047.7799145086
302604.0379368794,4124047.83125872
302604.0377812857,4124047.8826028984
302604.0376256906,4124047.93394704
302604.03747009387,4124047.985291138
302604.03731449513,4124048.036635186
302604.0371588941,4124048.087979177
302604.0370032905,4124048.1393231037
302604.036847684,4124048.1906669564
302604.03669207427,4124048.242010725
302604.03653646074,4124048.2933543976
302604.03638084297,4124048.344697961
302604.0362252205,4124048.3960414
302604.03606959246,4124048.4473846965
302604.0359139581,4124048.4987278306
302604.03575831646,4124048.5500707803
302604.03560266667,4124048.601413519
302604.03544700745,4124048.652756017
302604.0352913375,4124048.704098242
302604.0351356555,4124048.7554401555
302604.03497995954,4124048.806781714
302604.0348242479,4124048.8581228675
302604.0346685181,4124048.9094635597
302604.0345127678,4124048.9608037276
302604.0343569941,4124049.0121432976
302604.0342011938,4124049.063482186
302604.0340453632,4124049.1148202983
302604.0338894981,4124049.1661575264
302604.0337335936,4124049.2174937474
302604.03357764427,4124049.268828821
302604.0334216439,4124049.320162587
302604.03326558537,4124049.371494862
302604.03310946055,4124049.422825439
302604.0329532602,4124049.4741540826
302604.0327969737,4124049.5254805223
302604.03264058917,4124049.5768044507
302604.0324840928,4124049.6281255186
302604.03232746915,4124049.679443327
302604.03217070043,4124049.7307574213
302604.0320137665,4124049.7820672854
302604.0318566443,4124049.833372329
302604.0316993076,4124049.8846718804
302604.03154172655,4124049.935965175
302604.0313838669,4124049.98725134
302604.03122569,4124050.0385293826
302604.0310671516,4124050.089798171
302604.0309082014,4124050.1410564166
302604.03074878204,4124050.1923026503
302604.0305888282,4124050.2435351987
302604.0304282653,4124050.2947521554
302604.03026700846,4124050.3459513485
302604.0301049612,4124050.3971303026
302604.0299420132,4124050.4482861976
302604.0297780391,4124050.4994158205
302604.02961289586,4124050.5505155115
302604.02944642055,4124050.601581101
302604.02927842765,4124050.6526078368
302604.02910910227,4124050.7036004714
302604.02893860685,4124050.7545631747
302604.028767084,4124050.8054996068
302604.02859465877,4124050.85641298
302604.02842144086,4124050.907306114
302604.0282475265,4124050.9581814855
302604.02807299996,4124051.0090412656
302604.0278979352,4124051.0598873617
302604.02772239683,4124051.110721447
302604.0275464414,4124051.1615449907
302604.0273701184,4124051.2123592827
302604.02719347115,4124051.263165454
302604.0270165373,4124051.3139644973
302604.0268393499,4124051.3647572864
302604.0266619374,4124051.415544586
302604.02648432454,4124051.466327067
302604.02630653256,4124051.517105321
302604.02612857975,4124051.5678798654
302604.02595048136,4124051.6186511545
302604.02577225055,4124051.6694195876
302604.0255938981,4124051.720185515
302604.0254154325,4124051.770949245
302604.02523686073,4124051.8217110476
302604.02505818754,4124051.8724711603
302604.02487941633,4124051.9232297917
302604.0247005484,4124051.9739871253
302604.0245215837,4124052.024743323
302604.02434252034,4124052.0754985274
302604.02416335494,4124052.126252862
302604.02398408233,4124052.177006439
302604.02380469546,4124052.2277593547
302604.02362518536,4124052.278511696
302604.0234455409,4124052.3292635386
302604.02326574875,4124052.380014951
302604.0230857929,4124052.430765993
302604.0229056548,4124052.4815167193
302604.02272531256,4124052.532267178
302604.022544741,4124052.5830174135
302604.02236391086,4124052.6337674675
302604.02218278864,4124052.6845173766
302604.02200133563,4124052.735267176
302604.0218195076,4124052.786016899
302604.021637254,4124052.8367665783
302604.02145451703,4124052.8875162443
302604.02127123054,4124052.938265928
302604.0210873191,4124052.9890156607
302604.0209026966,4124053.0397654735
302604.0207172648,4124053.0905154003
302604.02053091157,4124053.1412654766
302604.02034350927,4124053.1920157406
302604.02015491226,4124053.2427662327
302604.0199649545,4124053.2935169977
302604.01977344713,4124053.3442680845
302604.01958017435,4124053.3950195485
302604.0193848907,4124053.4457714516
302604.0191873161,4124053.4965238627
302604.0189871318,4124053.547276859
302604.01878397434,4124053.598030528
302604.0185774297,4124053.6487849685
302604.018367026,4124053.699540293
302604.0181522259,4124053.750296629
302604.01793241693,4124053.8010541205
302604.0177069014,4124053.851812931
302604.0174748843,4124053.9025732465
302604.0172354598,4124053.9533352805
302604.0169875961,4124054.0040992745
302604.0167301174,4124054.054865503
302604.0164616841,4124054.105634279
302604.0161807701,4124054.1564059583
302604.01588563673,4124054.2071809475
302604.01557430276,4124054.257959708
302604.01524451113,4124054.3087427667
302604.0148936903,4124054.3595307237
302604.01451891044,4124054.410324261
302604.01411683357,4124054.4611241575
302604.0136836566,4124054.5119313
302604.01321504655,4124054.562746699
302604.01270606695,4124054.6135715046
302604.01215109334,4124054.6644070274
302604.01154371776,4124054.7152547613
302604.01087663946,4124054.7661164077
302604.0101415405,4124054.8169939048
302604.0093289441,4124054.8678894616
302604.0084280531,4124054.9188055946
302604.0074265662,4124054.9697451713
302604.0063104681,4124055.0207114574
302604.0050637909,4124055.071708174
302604.00366834196,4124055.1227395614
302604.00210339425,4124055.1738104494
302604.0003453327,4124055.224926342
302603.9984173718,4124055.2760816636
302603.99633983127,4124055.3272715136
302603.9941304825,4124055.378491578
302603.99180485134,4124055.429738057
302603.9893764825,4124055.4810076007
302603.9868571703,4124055.5322972536
302603.98425715964,4124055.583604402
302603.98158532067,4124055.6349267308
302603.97884929966,4124055.686262183
302603.97605564946,4124055.7376089254
302603.9732099411,4124055.788965318
302603.97031685873,4124055.840329882
302603.9673802793,4124055.891701282
302603.96440333873,4124055.9430782967
302603.9613884854,4124055.994459801
302603.9583375216,4124056.045844746
302603.95525163447,4124056.0972321415
302603.95213141624,4124056.1486210395
302603.9489768742,4124056.200010517
302603.94578743074,4124056.2513996623
302603.94256191386,4124056.3027875554
302603.9392985367,4124056.354173257
302603.93599486764,4124056.405555789
302603.93264778843,4124056.4569341214
302603.92925344117,4124056.5083071515
302603.92580716294,4124056.5596736856
302603.92230340576,4124056.6110324194
302603.91873564257,4124056.6623819172
302603.9150962557,4124056.7137205843
302603.9113764075,4124056.765046642
302603.90756588895,4124056.816358098
302603.9036529468,4124056.867652708
302603.89962408267,4124056.9189279447
302603.895463823,4124056.9701809483
302603.89115445584,4124057.0214084806
302603.8866757289,4124057.0726068695
302603.8820045043,4124057.1237719473
302603.87711436476,4124057.1748989774
302603.8719751633,4124057.225982575
302603.8665525096,4124057.2770166174
302603.86080718413,4124057.3279941347
302603.85469447006,4124057.378907196
302603.8482590451,4124057.429763583
302603.84154008894,4124057.4805701114
302603.8345719507,4124057.5313327475
302603.82738473424,4124057.5820567105
302603.82000481087,4124057.6327465586
302603.81245526887,4124057.683406272
302603.8047563066,4124057.7340393155
302603.79692557675,4124057.7846487
302603.7889784871,4124057.8352370337
302603.780928463,4124057.8858065656
302603.77278717625,4124057.9363592244
302603.76456474356,4124057.9868966513
302603.7562698993,4124058.037420227
302603.7479101441,4124058.0879310993
302603.7394918728,4124058.1384301973
302603.7310204831,4124058.18891825
302603.72250046785,4124058.239395798
302603.7139354915,4124058.289863202
302603.7053284524,4124058.340320651
302603.6966815324,4124058.390768164
302603.6879962339,4124058.441205592
302603.6792734051,4124058.491632612
302603.67051325535,4124058.5420487258
302603.6617153578,4124058.592453248
302603.6528786426,4124058.642845296
302603.6440013785,4124058.6932237744
302603.6350811437,4124058.743587358
302603.62611478387,4124058.793934467
302603.6170983592,4124058.8442632398
302603.6080270769,4124058.894571504
302603.59889520943,4124058.9448567373
302603.5896959971,4124058.9951160247
302603.5804215329,4124059.0453460095
302603.57106262795,4124059.0955428365
302603.5616086545,4124059.145702083
302603.5520473652,4124059.1958186887
302603.5423646846,4124059.2458868665
302603.53254446865,4124059.295900003
302603.52256823063,4124059.345850549
302603.51241482544,4124059.395729887
302603.5020600896,4124059.4455281864
302603.4914764295,4124059.4952342375
302603.4806323515,4124059.5448352573
302603.4694919252,4124059.5943166744
302603.4580141713,4124059.643661881
302603.4461523635,4124059.692851945
302603.4338532323,4124059.741865294
302603.42105605756,4124059.790677345
302603.407691634,4124059.839260084
302603.39368109225,4124059.8875815915
302603.3789345548,4124059.9356054957
302603.36334960506,4124059.983290357
302603.34680954245,4124060.0305889575
302603.329181394,4124060.0774474987
302603.3105982181,4124060.1239197953
302603.29117680213,4124060.1700530797
302603.2710196523,4124060.2158888094
302603.2502167403,4124060.2614633716
302603.22884703585,4124060.306808704
302603.2069798523,4124060.35195284
302603.18467602733,4124060.3969203844
302603.1619889598,4124060.4417329333
302603.138965519,4124060.486409443
302603.1156468436,4124060.530966552
302603.09206904244,4124060.575418863
302603.06826380943,4124060.619779195
302603.0442589639,4124060.6640588003
302603.02007892437,4124060.7082675537
302602.9957451245,4124060.752414125
302602.9712763785,4124060.7965061236
302602.94668920134,4124060.840550229
302602.9219980904,4124060.884552304
302602.8972157723,4124060.928517497
302602.8723534199,4124060.9724503285
302602.8474208424,4124061.0163547657
302602.8224266526,4124061.060234294
302602.7973784136,4124061.1040919716
302602.77228276787,4124061.1479304875
302602.74714555,4124061.1917522023
302602.72197188635,4124061.2355591916
302602.69676628255,4124061.279353279
302602.6715326998,4124061.3231360693
302602.64627462276,4124061.3669089745
302602.62099511886,4124061.410673239
302602.5956968904,4124061.4544299566
302602.5703823207,4124061.498180097
302602.5450535146,4124061.5419245153
302602.51971233456,4124061.5856639696
302602.49436043215,4124061.629399133
302602.4689992763,4124061.6731306063
302602.4436301782,4124061.7168589276
302602.4182543138,4124061.76058458
302602.3928727437,4124061.804308003
302602.36748643144,4124061.8480295963
302602.3420962596,4124061.8917497294
302602.3167030451,4124061.935468747
302602.29130755307,4124061.9791869735
302602.26591050957,4124062.0229047216
302602.2405126146,4124062.0666222954
302602.2151145535,4124062.1103399955
302602.1897170088,4124062.1540581244
302602.16432067164,4124062.1977769933
302602.13892625395,4124062.2414969234
302602.11353450024,4124062.2852182575
302602.0881462004,4124062.3289413606
302602.06276220334,4124062.372666627
302602.0373834311,4124062.4163944884
302602.0120108946,4124062.4601254202
302601.9866457113,4124062.503859952
302601.9612891238,4124062.547598673
302601.93594252097,4124062.5913422443
302601.91060746193,4124062.635091409
302601.8852857026,4124062.678847007
302601.8599792252,4124062.722609987
302601.8346902725,4124062.7663814225
302601.80942138575,4124062.810162532
302601.78417544806,4124062.8539546994
302601.75895573356,4124062.8977594962
302601.733765963,4124062.9415787086
302601.70861036744,4124062.9854143695
302601.6834937602,4124063.0292687914
302601.65842161846,4124063.073144607
302601.63340017735,4124063.1170448116
302601.6084365357,4124063.1609728173
302601.58353877685,4124063.2049325113
302601.55871610687,4124063.2489283183
302601.53397901077,4124063.2929652794
302601.50933943177,4124063.3370491373
302601.48481097433,4124063.381186432
302601.46040913614,4124063.4253846155
302601.4361515719,4124063.4696521773
302601.4120583947,4124063.5139987874
302601.38815251784,4124063.558435463
302601.36446004594,4124063.6029747566
302601.3410107192,4124063.6476309677
302601.3178384204,4124063.692420389
302601.29498175194,4124063.7373615825
302601.2724846938,4124063.7824756955
302601.25039735244,4124063.827786822
302601.2287768147,4124063.873322411
302601.2076881204,4124063.919113737
302601.18720537046,4124063.965196431
302601.1674129891,4124064.0116110877
302601.14840716234,4124064.0584039576
302601.13029747695,4124064.105627736
302601.1129746058,4124064.1532297367
302601.0963426269,4124064.201163719
302601.0803173888,4124064.249389096
302601.0648250772,4124064.297870247
302601.04980095715,4124064.3465759098
302601.0351882705,4124064.395478644
302601.0209372685,4124064.4445543685
302601.0070043645,4124064.493781951
302600.9933513914,4124064.543142844
302600.9799449509,4124064.592620772
302600.9667558453,4124064.6422014534
302600.95375857945,4124064.691872358
302600.9409309265,4124064.7416224903
302600.9282535494,4124064.7914422085
302600.9157096712,4124064.841323053
302600.90328478965,4124064.8912576074
302600.8909664295,4124064.94123937
302600.8787439305,4124064.991262643
302600.86660826544,4124065.0413224353
302600.85455188656,4124065.0914143785
302600.84256859706,4124065.1415346526
302600.8306534451,4124065.191679919
302600.8188026398,4124065.241847267
302600.8070134865,4124065.2920341594
302600.7952843409,4124065.3422383945
302600.7836145811,4124065.3924580645
302600.7720045969,4124065.4426915245
302600.76045579644,4124065.4929373646
302600.7489706303,4124065.543194386
302600.7375526333,4124065.593461581
302600.72620648425,4124065.6437381147
302600.7149380864,4124065.6940233116
302600.7037546674,4124065.744316644
302600.692664903,4124065.794617722
302600.681679064,4124065.844926288
302600.67080919223,4124065.895242213
302600.660069305,4124065.9455654914
302600.64947563433,4124065.9958962444
302600.6390469032,4124066.0462347204
302600.6288046447,4124066.0965812993
302600.61877356877,4124066.146936498
302600.6089819834,4124066.1973009803
302600.59946227656,4124066.247675569
302600.5902514685,4124066.29806126
302600.5813918419,4124066.3484592363
302600.57293166267,4124066.3988708924
302600.5649260021,4124066.4492978547
302600.5574376751,4124066.4997420097
302600.5505383103,4124066.5502055376
302600.5443095707,4124066.600690948
302600.5388445444,4124066.651201125
302600.53404982743,4124066.7017330388
302600.5298434359,4124066.7522840295
302600.5261534091,4124066.8028517626
302600.5229165837,4124066.853434188
302600.52007751743,4124066.904029506
302600.5175875449,4124066.954636135
302600.5154039481,4124067.005252691
302600.51348922856,4124067.0558779566
302600.5118104689,4124067.106510861
302600.51033877174,4124067.1571504665
302600.5090487672,4124067.207795947
302600.50791818125,4124067.2584465784
302600.5069274556,4124067.309101722
302600.50605941494,4124067.3597608185
302600.5052989738,4124067.4104233733
302600.50463288033,4124067.461088955
302600.5040494897,4124067.5117571806
302600.50353856623,4124067.562427711
302600.50309110887,4124067.6131002503
302600.50269919774,4124067.663774532
302600.50235585944,4124067.7144503235
302600.50205494795,4124067.7651274153
302600.5017910401,4124067.815805622
302600.5015593432,4124067.8664847775
302600.5013556133,4124067.9171647285
302600.5011760829,4124067.9678453375
302600.5010173968,4124068.0185264777
302600.500876555,4124068.0692080325
302600.50075086125,4124068.119889891
302600.5006378777,4124068.170571948
302600.5005353828,4124068.2212541043
302600.5004413337,4124068.2719362588
302600.50035383157,4124068.322618311
302600.500271089,4124068.3733001584
302600.50019139994,4124068.423981697
302600.50011311,4124068.4746628134
302600.50003458885,4124068.525343392
302600.4999542021,4124068.5760233067
302600.49987028365,4124068.6267024176
302600.4997811072,4124068.6773805744
302600.49968485686,4124068.728057607
302600.49957959633,4124068.7787333294
302600.4994632358,4124068.8294075304
302600.4993334961,4124068.880079975
302600.4991878705,4124068.9307503966
302600.49902358133,4124068.9814184965
302600.49883753323,4124069.0320839365
302600.4986262599,4124069.082746329
302600.49838586536,4124069.1334052384
302600.49811195757,4124069.1840601685
302600.49779957347,4124069.2347105555
302600.4974430946,4124069.285355758
302600.4970361512,4124069.3359950474
302600.49657151377,4124069.3866275935
302600.49604096985,4124069.4372524493
302600.4954351841,4124069.48786854
302600.49474353954,4124069.5384746385
302600.4939539563,4124069.5890693506
302600.4930526857,4124069.6396510843
302600.49202407664,4124069.69021803
302600.4908503084,4124069.740768126
302600.48951108713,4124069.791299021
302600.4879833004,4124069.8418080383
302600.48624062305,4124069.892292127
302600.48425306875,4124069.942747814
302600.4819864795,4124069.9931711387
302600.47940194316,4124070.0435575927
302600.4764551308,4124070.0939020365
302600.47309554135,4124070.144198618
302600.46926564135,4124070.194440669
302600.4648998847,4124070.2446205895
302600.4599235959,4124070.294729724
302600.4542516977,4124070.3447582084
302600.44778726186,4124070.394694808
302600.4404198576,4124070.4445267185
302600.43202367047,4124070.494239355
302600.4227241217,4124070.543847112
302600.4126312424,4124070.5933625977
302600.4018415473,4124070.642796848
302600.39043967973,4124070.6921595144
302600.37849985337,4124070.741459029
302600.3660871167,4124070.7907027467
302600.3532584612,4124070.8398970743
302600.3400637924,4124070.8890475747
302600.3265467801,4124070.9381590663
302600.3127456022,4124070.9872357007
302600.29869359545,4124071.036281038
302600.28441982315,4124071.0852981033
302600.2699495704,4124071.1342894402
302600.25530477497,4124071.1832571547
302600.24050440075,4124071.2322029504
302600.2255647612,4124071.281128157
302600.21049979725,4124071.3300337526
302600.1953213144,4124071.3789203838
302600.18003918417,4124071.427788371
302600.1646615126,4124071.476637719
302600.14919477777,4124071.5254681148
302600.1336439404,4124071.574278922
302600.1180125282,4124071.6230691695
302600.10230269656,4124071.671837539
302600.0865152644,4124071.720582336
302600.0706497289,4124071.7693014676
302600.05470425636,4124071.8179924004
302600.0386756514,4124071.8666521222
302600.02255930234,4124071.915277089
302600.0063491024,4124071.963863165
302599.99003734597,4124072.012405552
302599.97361459734,4124072.060898707
302599.9570695297,4124072.1093362467
302599.9403887322,4124072.1577108437
302599.92355648184,4124072.206014096
302599.9065544751,4124072.254236386
302599.8893615165,4124072.302366717
302599.8719531572,4124072.350392526
302599.85430127854,4124072.39829947
302599.83637361316,4124072.4460711787
302599.818133195,4124072.493688979
302599.79953772953,4124072.541131577
302599.7805388736,4124072.5883746915
302599.76108141115,4124072.635390645
302599.74122143263,4124072.68220722
302599.7210081707,4124072.728848804
302599.70048483927,4124072.775336801
302599.67968936946,4124072.8216900006
302599.65865505603,4124072.8679248937
302599.6374111245,4124072.9140559575
302599.6159832291,4124072.9600958982
302599.5943938901,4124073.006055873
302599.5726628769,4124073.0519456733
302599.55080754554,4124073.097773897
302599.5288431337,4124073.1435480914
302599.5067830209,4124073.1892748843
302599.4846389562,4124073.234960097
302599.4624212582,4124073.280608839
302599.4401389912,4124073.326225602
302599.4178001193,4124073.371814331
302599.3954116424,4124073.417378494
302599.3729797149,4124073.4629211393
302599.3505097513,4124073.508444949
302599.3280065181,4124073.5539522856
302599.30547421466,4124073.5994452313
302599.2829165453,4124073.644925622
302599.2603367822,4124073.690395079
302599.237737821,4124073.735855039
302599.2151222304,4124073.781306775
302599.19249229564,4124073.8267514203
302599.1698500577,4124073.8721899893
302599.1471973478,4124073.917623391
302599.12453581893,4124073.963052447
302599.1018669737,4124074.008477904
302599.07919219,4124074.0539004486
302599.0565127448,4124074.0993207176
302599.0338298355,4124074.1447393093
302599.01114460034,4124074.1901567928
302598.9884581382,4124074.235573718
302598.9657715267,4124074.280990626
302598.94308584125,4124074.326408058
302598.920402173,4124074.371826562
302598.8977216473,4124074.4172467063
302598.87504544307,4124074.462669086
302598.8523748129,4124074.5080943354
302598.8297111042,4124074.5535231363
302598.8070557825,4124074.5989562334
302598.7844104562,4124074.644394442
302598.7617769039,4124074.6898386655
302598.7391571046,4124074.735289911
302598.7165532719,4124074.7807493033
302598.6939678914,4124074.8262181063
302598.6714037628,4124074.871697744
302598.64886404824,4124074.9171898267
302598.6263523254,4124074.962696175
302598.6038726491,4124075.008218853
302598.58142962,4124075.0537602035
302598.5590284632,4124075.0993228867
302598.53667511727,4124075.1449099267
302598.514376335,4124075.1905247625
302598.49213979905,4124075.236171307
302598.4699742524,4124075.2818540134
302598.4478896477,4124075.32757795
302598.4258973163,4124075.373348888
302598.4040101618,4124075.4191734
302598.38224287966,4124075.4650589693
302598.3606122076,4124075.5110141225
302598.3391372107,4124075.557048568
302598.3178396062,4124075.6031733686
302598.29674413387,4124075.6494011246
302598.27587897703,4124075.6957461913
302598.25527624274,4124075.742224922
302598.23497250915,4124075.788855948
302598.2150094484,4124075.8356604935
302598.19543453667,4124075.8826627405
302598.17630186316,4124075.9298902387
302598.15767305123,4124075.9773743753
302598.1394865612,4124076.0250837784
302598.12168838887,4124076.072990915
302598.10423114605,4124076.1210716176
302598.0870732529,4124076.169304679
302598.0701782295,4124076.217671487
302598.0535140746,4124076.266155707
302598.0370527202,4124076.3147430057
302598.0207695534,4124076.363420806
302598.0046429971,4124076.4121780717
302597.9886541424,4124076.461005122
302597.9727864263,4124076.509893464
302597.9570253498,4124076.5588356485
302597.9413582306,4124076.607825144
302597.92577398726,4124076.656856226
302597.9102629502,4124076.7059238767
302597.89481669705,4124076.755023704
302597.87942790927,4124076.8041518615
302597.86409024725,4124076.8533049864
302597.8487982424,4124076.902480141
302597.83354720415,4124076.951674763
302597.81833313964,4124077.0008866233
302597.8031526861,4124077.0501137837
302597.78800305334,4124077.0993545684
302597.7728819762,4124077.1486075334
302597.75778767624,4124077.197871441
302597.74271883094,4124077.247145242
302597.7276745516,4124077.296428055
302597.712654368,4124077.3457191526
302597.6976582205,4124077.395017948
302597.6826864588,4124077.4443239854
302597.6677398484,4124077.493636932
302597.65281958296,4124077.5429565744
302597.63792730507,4124077.5922828102
302597.6230651342,4124077.6416156515
302597.60823570273,4124077.690955223
302597.5934422008,4124077.740301764
302597.57868843066,4124077.7896556323
302597.5639788715,4124077.8390173106
302597.5493187558,4124077.8883874146
302597.5347141583,4124077.9377667033
302597.5201720996,4124077.9871560927
302597.50570066576,4124078.0365566695
302597.4913091462,4124078.0859697135
302597.4770081917,4124078.135396714
302597.46280999616,4124078.1848394
302597.44872850395,4124078.234299767
302597.43477964785,4124078.283780112
302597.4209816203,4124078.333283073
302597.4073551836,4124078.382811671
302597.39392402326,4124078.4323693677
302597.3807151517,4124078.481960118
302597.36775936856,4124078.5315884394
302597.3550917852,4124078.581259491
302597.34275242325,4124078.6309791584
302597.33078689623,4124078.680754157
302597.31924718653,4124078.7305921437
302597.3081925314,4124078.7805018495
302597.2976904318,4124078.8304932266
302597.2878178027,4124078.8805776187
302597.27849770855,4124078.930743656
302597.2696626278,4124078.98098136
302597.2612533016,4124079.0312819723
302597.2532177248,4124079.0816378077
302597.2455102601,4124079.1320421207
302597.2380908601,4124079.182488992
302597.2309243849,4124079.2329732273
302597.223980004,4124079.2834902694
302597.2172306708,4124079.3340361193
302597.2106526614,4124079.384607269
302597.2042251709,4124079.435200642
302597.19792995893,4124079.48581354
302597.1917510385,4124079.5364435967
302597.185674404,4124079.5870887404
302597.1796877926,4124079.6377471536
302597.173780475,4124079.688417247
302597.1679430728,4124079.7390976287
302597.16216739896,4124079.7897870825
302597.15644631797,4124079.840484548
302597.1507736244,4124079.8911890998
302597.14514393726,4124079.941899934
302597.13955260825,4124079.9926163536
302597.13399564254,4124080.0433377563
302597.12846963067,4124080.094063626
302597.12297169084,4124080.1447935216
302597.11749941914,4124080.195527071
302597.11205084925,4124080.2462639636
302597.1066244185,4124080.2970039467
302597.10121894145,4124080.3477468193
302597.0958335897,4124080.39849243
302597.09046787757,4124080.449240674
302597.0851216543,4124080.4999914914
302597.0797951007,4124080.550744867
302597.0744887331,4124080.6015008288
302597.0692034115,4124080.6522594485
302597.0639403546,4124080.703020842
302597.05870116036,4124080.7537851743
302597.0534878333,4124080.804552661
302597.04830281856,4124080.85532357
302597.04314904386,4124080.9060982266
302597.038029969,4124080.956877022
302597.0329496449,4124081.0076604164
302597.0279127828,4124081.0584489494
302597.02292483445,4124081.1092432477
302597.0179920846,4124081.160044036
302597.01312175894,4124081.2108521503
302597.00832214626,4124081.26166855
302597.0036027403,4124081.312494337
302596.99897440115,4124081.3633307726
302596.9944495405,4124081.4141792995
302596.9900423332,4124081.4650415676
302596.98576895817,4124081.515919459
302596.9816478746,4124081.566815123
302596.9777001363,4124081.617731011
302596.97394975054,4124081.6686699204
302596.9704240865,4124081.7196350386
302596.96715434233,4124081.7706300016
302596.96417607606,4124081.8216589526
302596.9615298117,4124081.8727266137
302596.9591749499,4124081.9238282386
302596.95707585616,4124081.974959659
302596.95520125324,4124082.026117213
302596.9535236886,4124082.077297686
302596.9520190668,4124082.128498253
302596.95066623867,4124082.1797164306
302596.94944664143,4124082.230950037
302596.9483439817,4124082.282197152
302596.9473439588,4124082.333456085
302596.94643402036,4124082.384725349
302596.945603149,4124082.436003631
302596.94484167435,4124082.487289772
302596.9441411083,4124082.5385827464
302596.94349400053,4124082.589881646
302596.9428938114,4124082.6411856636
302596.9423348006,4124082.692494078
302596.94181192946,4124082.7438062443
302596.9413207751,4124082.795121581
302596.9408574547,4124082.846439559
302596.94041856,4124082.8977596965
302596.9400010988,4124082.9490815476
302596.9396024438,4124083.0004046955
302596.93922028836,4124083.0517287464
302596.9388526069,4124083.1030533216
302596.93849762046,4124083.154378051
302596.93815376627,4124083.205702567
302596.9378196712,4124083.2570264987
302596.9374941285,4124083.3083494655
302596.93717607716,4124083.3596710693
302596.93686458375,4124083.4109908896
302596.93655882654,4124083.4623084753
302596.9362580814,4124083.5136233363
302596.9359617099,4124083.5649349373
302596.9356691479,4124083.616242687
302596.9353798962,4124083.6675459296
302596.9350935121,4124083.718843931
302596.93480960163,4124083.7701358683
302596.9345278131,4124083.821420816
302596.9342478309,4124083.872697728
302596.9339693701,4124083.923965423
302596.93369217176,4124083.9752225606
302596.93341599876,4124084.0264676223
302596.93314063083,4124084.0776988836
302596.9328658619,4124084.128914384
302596.9325914961,4124084.1801118967
302596.9323173441,4124084.231288885
302596.93204322056,4124084.2824424654
302596.9317689404,4124084.3335693544
302596.9314943161,4124084.3846658138
302596.93121915404,4124084.4357275874
302596.93094325165,4124084.486749828
302596.9306663936,4124084.5377270137
302596.9303883483,4124084.588652856
302596.930108864,4124084.6395201925
302596.92982811655,4124084.6903361776
302596.92954626045,4124084.74110709
302596.9292634313,4124084.7918384415
302596.92897974805,4124084.8425350697
302596.92869531503,4124084.8932012217
302596.928410224,4124084.943840624
302596.9281245553,4124084.994456547
302596.9278383797,4124085.0450518625
302596.9275517592,4124085.0956290904
302596.9272647481,4124085.146190442
302596.9269773941,4124085.1967378594
302596.92668973916,4124085.2472730456
302596.92640182003,4124085.297797497
302596.92611366906,4124085.3483125265
302596.9258253146,4124085.3988192864
302596.92553678155,4124085.449318788
302596.9252480917,4124085.499811918
302596.9249592641,4124085.550299456
302596.9246703156,4124085.6007820857
302596.924381261,4124085.6512604076
302596.92409211333,4124085.7017349475
302596.923802884,4124085.7522061686
302596.9235135829,4124085.802674477
302596.9232242189,4124085.853140228
302596.9229347996,4124085.903603736
302596.9226453316,4124085.954065273
302596.922355821,4124086.0045250817
302596.92206627293,4124086.054983373
302596.92177669215,4124086.1054403316
302596.92148708255,4124086.155896122
302596.92119744763,4124086.206350887
302596.92090779054,4124086.256804752
302596.92061811395,4124086.3072578274
302596.9203284202,4124086.3577102087
302596.92003871134,4124086.408161981
302596.9197489893,4124086.4586132187
302596.9194592556,4124086.5090639875
302596.9191695117,4124086.5595143447
302596.9188797589,4124086.60996434
302596.91858999827,4124086.660414018
302596.91830023075,4124086.710863418
302596.91801045724,4124086.761312573
302596.9177206784,4124086.811761514
302596.91743089486,4124086.8622102668
302596.9171411073,4124086.9126588544
302596.91685131623,4124086.9631072977
302596.916561522,4124087.013555613
302596.91627172515,4124087.0640038163
302596.9159819259,4124087.1144519215
302596.91569212463,4124087.1648999406
302596.9154023215,4124087.2153478847
302596.9151125168,4124087.265795762
302596.9148227107,4124087.3162435815
302596.9145329031,4124087.36669135
302596.91424309433,4124087.417139074
302596.91395328444,4124087.467586758
302596.9136634737,4124087.518034408
302596.91337366216,4124087.568482028
302596.9130838499,4124087.6189296204
302596.91279403697,4124087.669377189
302596.9125042235,4124087.7198247374
302596.9122144096,4124087.7702722675
302596.9119245953,4124087.820719782
302596.91163478064,4124087.8711672816
302596.91134496557,4124087.921614771
302596.9110551502,4124087.9720622487
302596.9107653346,4124088.022509718
302596.9104755187,4124088.072957178
302596.9101857028,4124088.1234046314
302596.90989588667,4124088.1738520786
302596.90960607043,4124088.22429952
302596.909316254,4124088.274746956
302596.9090264375,4124088.3251943868
302596.9087366208,4124088.375641814
302596.90844680404,4124088.426089238
302596.9081569872,4124088.4765366586
302596.9078671704,4124088.526984077
302596.90757735353,4124088.577431493
302596.9072875366,4124088.627878907
302596.90699771966,4124088.6783263194
302596.9067079027,4124088.7287737303
302596.9064180856,4124088.7792211403
302596.9061282686,4124088.829668549
302596.90583845146,4124088.8801159565
302596.90554863436,4124088.930563363
302596.9052588172,4124088.9810107686
302596.904969,4124089.031458174
302596.9046791828,4124089.0819055787
302596.90438936563,4124089.1323529836
302596.90409954847,4124089.182800388
302596.9038097313,4124089.233247792
302596.90351991414,4124089.283695196
302596.903230097,4124089.3341425993
302596.90294028,4124089.3845900022
302596.90265046293,4124089.435037405
302596.90236064594,4124089.4854848078
302596.902070829,4124089.53593221
302596.9017810121,4124089.586379612
302596.9014911952,4124089.6368270135
302596.9012013784,4124089.687274415
302596.90091156156,4124089.737721816
302596.9006217448,4124089.7881692173
302596.9003319281,4124089.838616619
302596.9000421116,4124089.8890640205
302596.89975229517,4124089.939511422
302596.89946247893,4124089.9899588237
302596.8991726628,4124090.0404062257
302596.8988828469,4124090.090853628
302596.8985930311,4124090.1413010294
302596.8983032156,4124090.1917484305
302596.8980134004,4124090.2421958316
302596.8977235854,4124090.292643233
302596.89743377076,4124090.3430906353
302596.8971439565,4124090.3935380373
302596.8968541428,4124090.443985439
302596.89656432957,4124090.4944328405
302596.89627451694,4124090.544880242
302596.8959847051,4124090.595327643
302596.8956948939,4124090.6457750443
302596.89540508355,4124090.696222445
302596.89511527406,4124090.746669845
302596.8948254657,4124090.7971172454
302596.89453565865,4124090.847564645
302596.89424585307,4124090.898012045
302596.893956049,4124090.948459444
302596.8936662468,4124090.9989068434
302596.89337644656,4124091.049354242
302596.8930866488,4124091.0998016405
302596.8927968537,4124091.150249039
302596.89250706165,4124091.2006964367
302596.8922172731,4124091.251143834
302596.89192748856,4124091.30159123
302596.89163770864,4124091.3520386247
302596.891347934,4124091.4024860184
302596.89105816546,4124091.4529334106
302596.8907684037,4124091.5033808015
302596.8904786498,4124091.55382819
302596.8901889047,4124091.604275577
302596.88989916974,4124091.654722961
302596.8896094462,4124091.7051703422
302596.8893197358,4124091.7556177205
302596.8890300403,4124091.8060650956
302596.8887403618,4124091.856512467
302596.88845070265,4124091.906959834
302596.88816106576,4124091.957407196
302596.8878714542,4124092.007854552
302596.88758187136,4124092.058301902
302596.88729232136,4124092.108749245
302596.88700280874,4124092.159196579
302596.88671333867,4124092.209643903
302596.8864239171,4124092.260091216
302596.8861345506,4124092.310538516
302596.88584524713,4124092.3609858016
302596.8855560153,4124092.4114330714
302596.88526686525,4124092.4618803235
302596.8849778083,4124092.512327555
302596.88468885736,4124092.562774763
302596.8844000273,4124092.6132219434
302596.8841113348,4124092.663669093
302596.8838227992,4124092.7141162083
302596.88353444234,4124092.764563284
302596.8832462892,4124092.8150103143
302596.88295836817,4124092.865457293
302596.8826707113,4124092.9159042127
302596.8823833557,4124092.966351065
302596.8820963431,4124093.01679784
302596.8818097214,4124093.0672445283
302596.8815235452,4124093.117691118
302596.88123787654,4124093.168137594
302596.880952786,4124093.218583942
302596.8806683541,4124093.269030143
302596.88038467267,4124093.319476177
302596.88010184636,4124093.36992202
302596.8798199943,4124093.420367646
302596.8795392522,4124093.4708130253
302596.87925977464,4124093.521258122
302596.8789817378,4124093.5717028966
302596.8787053424,4124093.622147306
302596.8784308171,4124093.672591298
302596.8781584225,4124093.7230348145
302596.8778884554,4124093.77347779
302596.8776212541,4124093.8239201494
302596.8773572039,4124093.874361806
302596.8770967439,4124093.9248026623
302596.8768403742,4124093.9752426064
302596.87658866466,4124094.025681511
302596.8763422645,4124094.076119232
302596.8761019134,4124094.126555604
302596.87586845417,4124094.176990439
302596.87564284704,4124094.227423523
302596.875426186,4124094.277854613
302596.8752197174,4124094.32828343
302596.87502486113,4124094.3787096576
302596.8748432352,4124094.429132935
302596.87467668287,4124094.4795528525
302596.87452730426,4124094.5299689407
302596.87439749186,4124094.580380666
302596.87428997183,4124094.6307874215
302596.87420784996,4124094.6811885145
302596.8741546647,4124094.731583155
302596.8741344476,4124094.7819704446
302596.87415179185,4124094.8323493586
302596.8742119306,4124094.8827187307
302596.87432082597,4124094.9330772315
302596.874485271,4124094.9834233467
302596.8746984727,4124095.0337585905
302596.8749544688,4124095.0840842924
302596.8752480262,4124095.134401619
302596.8755745518,4124095.184711594
302596.87593001407,4124095.2350151166
302596.8763108745,4124095.285312976
302596.8767140272,4124095.3356058663
302596.8771367462,4124095.385894394
302596.87757663877,4124095.4361790926
302596.878031605,4124095.48646043
302596.8784998015,4124095.5367388176
302596.8789796104,4124095.5870146155
302596.8794696118,4124095.637288141
302596.8799685592,4124095.6875596726
302596.8804753587,4124095.737829453
302596.88098905,4124095.7880976964
302596.8815087904,4124095.838364591
302596.8820338402,4124095.8886303017
302596.88256355,4124095.9388949727
302596.8830973502,4124095.9891587314
302596.8836347403,4124096.0394216897
302596.8841752816,4124096.0896839458
302596.88471858867,4124096.1399455857
302596.8852643234,4124096.190206684
302596.88581218873,4124096.2404673076
302596.8863619242,4124096.290727514
302596.886913301,4124096.340987355
302596.88746611855,4124096.3912468744
302596.88802020065,4124096.441506111
302596.88857539266,4124096.491765101
302596.8891315589,4124096.542023874
302596.88968858006,4124096.592282456
302596.8902463518,4124096.6425408707
302596.89080478216,4124096.692799139
302596.89136379067,4124096.7430572785
302596.8919233067,4124096.793315305
302596.8924832681,4124096.8435732326
302596.89304362057,4124096.8938310733
302596.89360431605,4124096.944088837
302596.89416531264,4124096.9943465334
302596.89472657355,4124097.0446041706
302596.8952880664,4124097.094861756
302596.89584976295,4124097.1451192964
302596.89641163824,4124097.195376797
302596.8969736704,4124097.245634263
302596.89753584017,4124097.2958916975
302596.89809813077,4124097.346149105
302596.89866052725,4124097.396406489
302596.899223017,4124097.4466638523
302596.89978558844,4124097.4969211975
302596.9003482316,4124097.547178527
302596.90091093775,4124097.597435842
302596.9014736992,4124097.647693144
302596.9020365091,4124097.697950435
302596.90259936143,4124097.748207716
302596.90316225105,4124097.798464988
302596.9037251735,4124097.848722253
302596.9042881247,4124097.898979512
302596.9048511011,4124097.949236766
302596.90541409975,4124097.999494015
302596.9059771178,4124098.0497512585
302596.90654015297,4124098.1000084984
302596.90710320306,4124098.150265735
302596.9076662664,4124098.2005229685
302596.90822934115,4124098.2507801997
302596.90879242605,4124098.3010374284
302596.90935551975,4124098.3512946554
302596.9099186212,4124098.4015518804
302596.9104817294,4124098.451809104
302596.91104484367,4124098.5020663263
302596.9116079632,4124098.5523235477
302596.91217108734,4124098.6025807676
302596.91273421556,4124098.6528379866
302596.9132973473,4124098.703095204
302596.9138604821,4124098.7533524213
302596.91442361963,4124098.803609638
302596.9149867595,4124098.8538668547
302596.9155499014,4124098.904124071
302596.9161130451,4124098.9543812866
302596.91667619045,4124099.0046385024
302596.91723933717,4124099.0548957177
302596.91780248523,4124099.1051529325
302596.9183656344,4124099.1554101473
302596.91892878455,4124099.2056673616
302596.9194919355,4124099.2559245755
302596.9200550872,4124099.3061817894
302596.9206182396,4124099.3564390033
302596.9211813926,4124099.406696217
302596.92174454615,4124099.456953431
302596.9223077002,4124099.507210645
302596.9228708547,4124099.557467859
302596.92343400954,4124099.6077250727
302596.9239971647,4124099.6579822865
302596.9245603201,4124099.7082395004
302596.9251234758,4124099.7584967143
302596.92568663164,4124099.808753928
302596.9262497876,4124099.8590111416
302596.92681294377,4124099.9092683555
302596.92737610004,4124099.9595255693
302596.9279392565,4124100.009782783
302596.9285024131,4124100.060039997
302596.92906556977,4124100.110297211
302596.9296287265,4124100.160554425
302596.93019188324,4124100.2108116387
302596.93075504,4124100.2610688526
302596.9313181968,4124100.3113260665
302596.93188135367,4124100.3615832804
302596.9324445105,4124100.411840494
302596.9330076674,4124100.4620977077
302596.9335708244,4124100.5123549215
302596.93413398135,4124100.5626121354
302596.9346971384,4124100.6128693493
302596.9352602954,4124100.663126563
302596.9358234524,4124100.713383777
302596.9363866095,4124100.763640991
302596.9369497666,4124100.813898205
302596.9375129236,4124100.8641554187
302596.9380760807,4124100.9144126326
302596.9386392378,4124100.9646698465
302596.93920239486,4124101.0149270603
302596.93976555194,4124101.065184274
302596.94032870897,4124101.115441488
302596.94089186605,4124101.165698702
302596.94145502313,4124101.215955916
302596.94201818015,4124101.2662131297
302596.94258133724,4124101.3164703436
302596.9431444943,4124101.3667275575
302596.9437076514,4124101.4169847714
302596.9442708085,4124101.4672419853
302596.9448339655,4124101.517499199
302596.9453971226,4124101.567756413
302596.94596027967,4124101.618013627
302596.9465234367,4124101.668270841
302596.9470865938,4124101.7185280547
302596.94764975086,4124101.7687852685
302596.94821290794,4124101.8190424824
302596.948776065,4124101.8692996963
302596.94933922205,4124101.91955691
302596.9499023791,4124101.969814124
302596.9504655362,4124102.020071338
302596.95102869323,4124102.070328552
302596.9515918503,4124102.1205857657
302596.9521550074,4124102.17084298
302596.9527181645,4124102.221100194
302596.95328132156,4124102.271357408
302596.9538444786,4124102.3216146217
302596.95440763567,4124102.3718718356
302596.95497079275,4124102.4221290494
302596.95553394983,4124102.4723862633
302596.9560971069,4124102.522643477
302596.95666026394,4124102.572900691
302596.957223421,4124102.623157905
302596.9577865781,4124102.673415119
302596.9583497351,4124102.7236723327
302596.9589128922,4124102.7739295466
302596.9594760493,4124102.8241867605
302596.9600392064,4124102.8744439743
302596.96060236346,4124102.924701188
302596.9611655205,4124102.974958402
302596.96172867756,4124103.025215616
302596.96229183464,4124103.07547283
302596.96285499167,4124103.1257300437
302596.96341814875,4124103.1759872576
302596.96398130583,4124103.2262444715
302596.9645444629,4124103.2765016854
302596.96510762,4124103.3267588993
302596.965670777,4124103.377016113
302596.96623393404,4124103.427273327
302596.966797091,4124103.477530541
302596.967360248,4124103.527787755
302596.9679234049,4124103.5780449687
302596.96848656173,4124103.6283021825
302596.9690497186,4124103.6785593964
302596.9696128754,4124103.7288166103
302596.97017603216,4124103.779073824
302596.9707391889,4124103.829331038
302596.9713023456,4124103.879588252
302596.9718655023,4124103.929845466
302596.9724286589,4124103.9801026797
302596.97299181536,4124104.0303598936
302596.9735549717,4124104.0806171075
302596.97411812784,4124104.130874321
302596.9746812839,4124104.1811315347
302596.97524443973,4124104.2313887486
302596.9758075954,4124104.2816459625
302596.97637075087,4124104.3319031764
302596.9769339061,4124104.3821603903
302596.977497061,4124104.432417604
302596.97806021577,4124104.482674818
302596.9786233701,4124104.532932032
302596.97918652405,4124104.583189246
302596.9797496775,4124104.6334464597
302596.98031283036,4124104.683703673
302596.98087598255,4124104.733960887
302596.981439134,4124104.784218101
302596.98200228467,4124104.8344753147
302596.9825654344,4124104.8847325286
302596.9831285833,4124104.9349897425
302596.9836917309,4124104.9852469563
302596.98425487714,4124105.03550417
302596.98481802194,4124105.085761384
302596.9853811651,4124105.136018598
302596.9859443062,4124105.186275812
302596.986507445,4124105.236533026
302596.9870705811,4124105.2867902406
302596.9876337142,4124105.3370474554
302596.9881968439,4124105.38730467
302596.98875996965,4124105.4375618855
302596.98932309105,4124105.487819101
302596.98988620745,4124105.538076317
302596.990449318,4124105.588333533
302596.99101242196,4124105.63859075
302596.99157551845,4124105.6888479665
302596.9921386063,4124105.7391051836
302596.99270168436,4124105.7893624012
302596.9932647513,4124105.8396196202
302596.99382780545,4124105.88987684
302596.9943908452,4124105.9401340615
302596.9949538684,4124105.9903912838
302596.9955168727,4124106.0406485074
302596.9960798554,4124106.0909057325
302596.9966428137,4124106.1411629594
302596.9972057442,4124106.191420188
302596.9977686429,4124106.241677419
302596.99833150534,4124106.291934652
302596.99889432645,4124106.3421918876
302596.99945710046,4124106.3924491266
302597.0000198208,4124106.4427063693
302597.00058248,4124106.492963617
302597.0011450695,4124106.54322087
302597.0017075796,4124106.5934781292
302597.00226999924,4124106.6437353943
302597.00283231575,4124106.693992666
302597.0033945148,4124106.7442499455
302597.00395657995,4124106.794507235
302597.0045184926,4124106.8447645344
302597.00508023147,4124106.8950218456
302597.0056417723,4124106.9452791703
302597.00620308757,4124106.995536511
302597.00676414574,4124107.045793869
302597.00732491096,4124107.096051248
302597.00788534246,4124107.1463086493
302597.00844539376,4124107.1965660774
302597.0090050119,4124107.2468235353
302597.0095641364,4124107.2970810267
302597.01012269844,4124107.347338557
302597.01068061986,4124107.397596131
302597.0112378112,4124107.4478537557
302597.01179417083,4124107.4981114375
302597.01234958286,4124107.548369184
302597.01290391525,4124107.5986270052
302597.01345701754,4124107.6488849116
302597.01400871837,4124107.6991429143
302597.0145588225,4124107.7494010273
302597.0151071074,4124107.7996592647
302597.0156533197,4124107.849917645
302597.01619717054,4124107.9001761875
302597.01673833095,4124107.950434915
302597.0172764261,4124108.000693853
302597.017811029,4124108.050953032
302597.01834165293,4124108.101212484
302597.0188677437,4124108.151472247
302597.01938866964,4124108.2017323654
302597.0199037112,4124108.251992888
302597.02041204856,4124108.302253871
302597.0209127477,4124108.3525153804
302597.0214047445,4124108.4027774883
302597.02188682643,4124108.4530402785
302597.02235761227,4124108.503303846
302597.02281552815,4124108.553568298
302597.023258781,4124108.6038337583
302597.0236853279,4124108.6541003683
302597.0240928414,4124108.704368287
302597.02447866986,4124108.7546376977
302597.02483979193,4124108.8049088074
302597.02517276566,4124108.8551818533
302597.0254736692,4124108.905457105
302597.0257380346,4124108.9557348695
302597.02596077125,4124109.0060154973
302597.0261360794,4124109.0562993865
302597.02625735116,4124109.1065869927
302597.02631705825,4124109.1568788327
302597.02630662324,4124109.2071754974
302597.0262162737,4124109.257477658
302597.026034876,4124109.307786081
302597.0257497451,4124109.3581016385
302597.0253464287,4124109.4084253246
302597.0248084608,4124109.458758272
302597.02411708166,4124109.509101771
302597.0232509176,4124109.5594572914
302597.02223134233,4124109.609823363
302597.02107711567,4124109.660198696
302597.0198047036,4124109.710582158
302597.0184285582,4124109.760972754
302597.01696136454,4124109.811369613
302597.01541425654,4124109.8617719673
302597.01379700657,4124109.9121791464
302597.01211819175,4124109.9625905594
302597.01038534066,4124110.0130056893
302597.0086050611,4124110.0634240806
302597.0067831529,4124110.1138453353
302597.00492470653,4124110.1642691027
302597.00303419016,4124110.214695076
302597.0011155253,4124110.265122986
302596.99917215423,4124110.3155525946
302596.99720709806,4124110.3659836943
302596.9952230086,4124110.416416103
302596.9932222133,4124110.4668496614
302596.9912067551,4124110.517284228
302596.989178427,4124110.5677196793
302596.98713880277,4124110.618155908
302596.9850892638,4124110.6685928185
302596.9830310225,4124110.719030328
302596.980965143,4124110.7694683634
302596.97889255936,4124110.8199068597
302596.9768140913,4124110.8703457606
302596.9747304586,4124110.9207850164
302596.9726422927,4124110.9712245837
302596.970550148,4124111.021664424
302596.9684545109,4124111.072104505
302596.96635580866,4124111.122544796
302596.9642544159,4124111.1729852725
302596.9621506618,4124111.2234259113
302596.960044835,4124111.2738666926
302596.9579371891,4124111.324307599
302596.9558279464,4124111.374748616
302596.9537173023,4124111.4251897293
302596.95160542795,4124111.475630928
302596.9494924739,4124111.526072201
302596.94737857225,4124111.5765135386
302596.9452638387,4124111.626954933
302596.9431483749,4124111.677396378
302596.9410322702,4124111.7278378666
302596.938915603,4124111.778279394
302596.9367984419,4124111.828720955
302596.93468084733,4124111.8791625462
302596.9325628721,4124111.929604164
302596.9304445628,4124111.980045804
302596.92832596,4124112.0304874647
302596.92620709975,4124112.080929143
302596.9240880133,4124112.131370837
302596.92196872813,4124112.1818125444
302596.91984926845,4124112.2322542635
302596.9177296553,4124112.282695993
302596.9156099072,4124112.333137732
302596.9134900403,4124112.383579479
302596.9113700688,4124112.4340212326
302596.9092500052,4124112.4844629923
302596.90712986025,4124112.534904758
302596.90500964347,4124112.5853465283
302596.9028893632,4124112.635788303
302596.9007690264,4124112.6862300816
302596.8986486394,4124112.7366718636
302596.8965282073,4124112.787113648
302596.8944077348,4124112.8375554346
302596.8922872257,4124112.887997223
302596.89016668324,4124112.938439014
302596.88804611005,4124112.9888808057
302596.8859255084,4124113.039322598
302596.88380487973,4124113.0897643897
302596.88168422517,4124113.1402061814
302596.87956354546,4124113.1906479727
302596.8774428409,4124113.2410897636
302596.8753221113,4124113.291531554
302596.87320135615,4124113.3419733434
302596.87108057446,4124113.3924151314
302596.8689597648,4124113.442856917
302596.8668389252,4124113.493298701
302596.86471805314,4124113.5437404825
302596.86259714555,4124113.5941822613
302596.86047619884,4124113.644624036
302596.8583552087,4124113.695065806
302596.85623417,4124113.745507572
302596.85411307693,4124113.7959493315
302596.8519919226,4124113.846391085
302596.84987069917,4124113.896832832
302596.8477493975,4124113.9472745713
302596.8456280073,4124113.9977163007
302596.84350651654,4124114.04815802
302596.8413849116,4124114.0985997273
302596.839263177,4124114.1490414217
302596.83714129473,4124114.1994831013
302596.8350192445,4124114.2499247636
302596.8328970032,4124114.3003664063
302596.83077454433,4124114.3508080263
302596.8286518377,4124114.4012496197
302596.82652884896,4124114.4516911837
302596.8244055388,4124114.5021327143
302596.82228186243,4124114.552574207
302596.820157769,4124114.603015657
302596.8180332006,4124114.6534570567
302596.8159080908,4124114.7038984005
302596.8137823643,4124114.75433968
302596.81165593513,4124114.8047808856
302596.80952870543,4124114.855222008
302596.80740056373,4124114.9056630353
302596.80527138285,4124114.9561039545
302596.8031410179,4124115.0065447497
302596.80100930406,4124115.0569854053
302596.79887605336,4124115.1074258997
302596.79674105154,4124115.157866213
302596.79460405465,4124115.208306318
302596.79246478475,4124115.2587461863
302596.790322925,4124115.309185784
302596.78817811474,4124115.3596250736
302596.7860299427,4124115.4100640127
302596.78387794044,4124115.4605025523
302596.7817215745,4124115.510940636
302596.77956023667,4124115.5613782005
302596.7773932344,4124115.611815174
302596.7752197785,4124115.662251474
302596.77303896967,4124115.7126870067
302596.7708497835,4124115.763121666
302596.76865105284,4124115.813555329
302596.76644144783,4124115.863987857
302596.76421945356,4124115.914419092
302596.76198334387,4124115.964848854
302596.75973115215,4124116.0152769387
302596.75746063783,4124116.065703111
302596.75516924815,4124116.116127104
302596.7528540748,4124116.166548616
302596.75051180413,4124116.2169672996
302596.74813866086,4124116.2673827615
302596.74573034386,4124116.3177945535
302596.74328195263,4124116.3682021634
302596.74078790395,4124116.418605009
302596.7382418368,4124116.4690024266
302596.73563650384,4124116.5193936597
302596.73296364816,4124116.569777847
302596.7302138623,4124116.6201540055
302596.72737642843,4124116.670521018
302596.72443913505,4124116.7208776106
302596.7213880697,4124116.771222331
302596.71820738143,4124116.821553525
302596.714879011,4124116.871869307
302596.71138238296,4124116.922167531
302596.70769405557,4124116.972445751
302596.7037873208,4124117.022701179
302596.69963174977,4124117.07293064
302596.69519267406,4124117.123130517
302596.6904305954,4124117.1732966877
302596.6853005123,4124117.223424456
302596.67975115357,4124117.2735084714
302596.67372410494,4124117.3235426387
302596.66715281375,4124117.3735200125
302596.65996145504,4124117.42343268
302596.65206363966,4124117.473271626
302596.6435457447,4124117.52304586
302596.634483583,4124117.5727632907
302596.6249436946,4124117.622430856
302596.61498448066,4124117.672054646
302596.6046571982,4124117.721640004
302596.5940068333,4124117.771191619
302596.5830728679,4124117.8207136057
302596.5718899522,4124117.8702095742
302596.5604884949,4124117.9196826895
302596.5488951816,4124117.9691357287
302596.537133429,4124118.0185711267
302596.5252237844,4124118.067991018
302596.51318427507,4124118.1173972725
302596.50103071606,4124118.166791527
302596.48877697927,4124118.216175215
302596.47643523,4124118.2655495894
302596.4640161338,4124118.3149157446
302596.4515290386,4124118.364274636
302596.43898213387,4124118.413627094
302596.4263825901,4124118.4629738396
302596.41373668093,4124118.512315497
302596.40104989,4124118.5616526026
302596.3883270044,4124118.6109856158
302596.3755721965,4124118.660314927
302596.3627890946,4124118.7096408624
302596.34998084506,4124118.7589636915
302596.3371501657,4124118.8082836303
302596.32429939223,4124118.8576008463
302596.3114305181,4124118.90691546
302596.29854522826,4124118.9562275475
302596.28564492794,4124119.005537142
302596.27273076674,4124119.054844235
302596.25980365806,4124119.104148775
302596.24686429463,4124119.1534506655
302596.2339131605,4124119.202749767
302596.22095053917,4124119.25204589
302596.2079765183,4124119.3013387965
302596.1949909916,4124119.3506281935
302596.1819936564,4124119.399913727
302596.16898400895,4124119.449194978
302596.1559613359,4124119.498471455
302596.14292470185,4124119.5477425843
302596.12987293355,4124119.5970077002
302596.1168045999,4124119.646266037
302596.10371798754,4124119.6955167125
302596.09061107173,4124119.7447587126
302596.07748148195,4124119.793990877
302596.06432646106,4124119.843211877
302596.0511428189,4124119.892420194
302596.03792687756,4124119.9416140937
302596.024674409,4124119.990791595
302596.0113805628,4124120.039950439
302595.99803978344,4124120.089088047
302595.98464571603,4124120.1382014807
302595.97119109763,4124120.187287389
302595.9576676338,4124120.236341951
302595.94406585704,4124120.285360812
302595.93037496594,4124120.3343390105
302595.91658264055,4124120.383270891
302595.90267483296,4124120.432150009
302595.8886355277,4124120.480969022
302595.87444646895,4124120.5297195623
302595.8600868497,4124120.578392096
302595.84553295694,4124120.62697576
302595.83075776784,4124120.6754581775
302595.8157304894,4124120.723825247
302595.80041603383,4124120.772060902
302595.7847744206,4124120.8201468354
302595.76876009547,4124120.868062191
302595.75232115417,4124120.9157832065
302595.7353984585,4124120.9632828073
302595.7179246282,4124121.0105301472
302595.6998228935,4124121.0574900825
302595.68100578705,4124121.104122573
302595.66137365357,4124121.1503819996
302595.64081295225,4124121.1962163867
302595.6194372156,4124121.241677695
302595.5973460903,4124121.2868115264
302595.57462703483,4124121.3316579056
302595.55135680974,4124121.3762519583
302595.52760278544,4124121.420624513
302595.50342408963,4124121.4648026247
302595.4788726148,4124121.508810033
302595.4539939026,4124121.5526675717
302595.4288279194,4124121.5963935195
302595.40340973734,4124121.640003915
302595.3777701319,4124121.683512827
302595.3519361062,4124121.726932596
302595.325931351,4124121.770274043
302595.29977664805,4124121.8135466557
302595.2734902249,4124121.8567587472
302595.2470880647,4124121.899917602
302595.22058417875,4124121.9430295955
302595.1939908455,4124121.986100306
302595.1673188192,4124122.029134607
302595.14057751355,4124122.0721367537
302595.11377516185,4124122.115110452
302595.0869189574,4124122.1580589227
302595.060015176,4124122.2009849586
302595.03306928294,4124122.2438909686
302595.006086026,4124122.286779022
302594.9790695163,4124122.3296508803
302594.95202329854,4124122.372508031
302594.9249504112,4124122.4153517094
302594.89785343834,4124122.4581829216
302594.87073455384,4124122.501002462
302594.84359555814,4124122.5438109264
302594.8164379091,4124122.5866087205
302594.78926274664,4124122.6293960693
302594.76207091246,4124122.672173019
302594.73486296413,4124122.714939439
302594.7076391847,4124122.75769502
302594.68039958755,4124122.8004392674
302594.65314391645,4124122.8431714936
302594.6258716414,4124122.8858908066
302594.59858194937,4124122.9285960933
302594.57127373083,4124122.9712860025
302594.5439455604,4124123.0139589207
302594.5165956729,4124123.056612945
302594.48922193306,4124123.0992458505
302594.46182179946,4124123.1418550527
302594.43439228064,4124123.184437563
302594.40692988475,4124123.2269899384
302594.3794305597,4124123.269508222
302594.3518896244,4124123.311987877
302594.3243016886,4124123.354423708
302594.29666056146,4124123.396809772
302594.26895914593,4124123.43913928
302594.24118931784,4124123.4814044777
302594.21334178734,4124123.5235965163
302594.1854059409,4124123.565705301
302594.1573696603,4124123.6077193166
302594.1292191161,4124123.649625435
302594.1009385324,4124123.6914086887
302594.07250991766,4124123.7330520186
302594.04391275847,4124123.77453598
302594.01512366976,4124123.8158384147
302593.98611599667,4124123.85693407
302593.9568593602,4124123.897794172
302593.9273191399,4124123.9383859327
302593.8974558839,4124123.978671992
302593.86722463666,4124124.018609783
302593.8365741732,4124124.058150804
302593.8054461263,4124124.097239794
302593.77377399243,4124124.135813792
302593.7414819981,4124124.17380106
302593.70848380943,4124124.2111198674
302593.67468106095,4124124.2476770924
302593.63996168005,4124124.2833666396
302593.6044377442,4124124.318294593
302593.56820762367,4124124.3525540624
302593.5313576574,4124124.3862267677
302593.4939636241,4124124.4193844316
302593.4560920331,4124124.4520900035
302593.4178012577,4124124.48439873
302593.3791425293,4124124.5163590964
302593.34016081074,4124124.5480136527
302593.300895562,4124124.579399739
302593.26138141257,4124124.6105501223
302593.22164875135,4124124.641493553
302593.18172424444,4124124.672255255
302593.1416312895,4124124.702857358
302593.1013904145,4124124.7333192714
302593.06101962697,4124124.7636580165
302593.0205347214,4124124.7938885153
302592.9799495479,4124124.824023847
302592.9392762484,4124124.8540754686
302592.8985254633,4124124.884053411
302592.85770651314,4124124.91396645
302592.81682755676,4124124.9438222563
302592.775895731,4124124.9736275235
302592.7349172717,4124125.003388087
302592.6938976205,4124125.0331090176
302592.652841517,4124125.0627947142
302592.6117530798,4124125.092448972
302592.5706358768,4124125.1220750534
302592.5294929855,4124125.151675737
302592.48832704604,4124125.1812533727
302592.44714030565,4124125.2108099163
302592.4059346575,4124125.240346964
302592.36471167224,4124125.26986578
302592.3234726254,4124125.299367318
302592.28221851884,4124125.3288522367
302592.2409500976,4124125.3583209123
302592.19966786314,4124125.387773444
302592.15837208147,4124125.417209656
302592.1170627877,4124125.4466290944
302592.07573978684,4124125.47603102
302592.0344026504,4124125.5054143937
302591.99305070884,4124125.534777863
302591.95168304053,4124125.5641197343
302591.910298456,4124125.593437946
302591.8688954773,4124125.6227300335
302591.8274723134,4124125.651993088
302591.7860268292,4124125.6812237045
302591.74455650937,4124125.7104179272
302591.7030584153,4124125.73957118
302591.6615291354,4124125.7686781883
302591.61996472656,4124125.797732889
302591.5783606473,4124125.826728328
302591.5367116803,4124125.855656542
302591.49501184333,4124125.884508422
302591.45325428765,4124125.913273559
302591.4114311811,4124125.9419400655
302591.36953357485,4124125.970494375
302591.3275512506,4124125.998921008
302591.2854725466,4124126.0272023105
302591.2432841593,4124126.055318152
302591.20097091654,4124126.0832455824
302591.1585155188,4124126.110958444
302591.1158982447,4124126.1384269213
302591.07309661503,4124126.1656170366
302591.0300850097,4124126.1924900683
302590.9868342312,4124126.219001894
302590.9433110073,4124126.245102236
302590.89947742387,4124126.2707338077
302590.85529027943,4124126.2958313352
302590.81070034887,4124126.3203204456
302590.76575680764,4124126.3442752357
302590.72050280654,4124126.367760698
302590.6749762073,4124126.3908338286
302590.6292102272,4124126.4135446
302590.5832340053,4124126.43593681
302590.53707309865,4124126.4580488307
302590.49074991804,4124126.479914259
302590.4442841093,4124126.5015624906
302590.39769288833,4124126.5230192225
302590.35099133465,4124126.5443068873
302590.30419264786,4124126.5654450385
302590.2573083727,4124126.5864506806
302590.21034859587,4124126.607338562
302590.16332211747,4124126.628121425
302590.11623660155,4124126.6488102213
302590.06909870607,4124126.6694143014
302590.0219141966,4124126.689941572
302589.97468804475,4124126.710398631
302589.9274245125,4124126.7307908805
302589.88012722513,4124126.7511226176
302589.8327992327,4124126.7713971087
302589.7854430621,4124126.791616646
302589.7380607603,4124126.8117825845
302589.6906539291,4124126.8318953663
302589.6432237522,4124126.8519545277
302589.5957710157,4124126.8719586916
302589.54829612124,4124126.891905545
302589.50079909316,4124126.9117917954
302589.45327957853,4124126.931613121
302589.4057368415,4124126.9513640925
302589.35816975025,4124126.971038082
302589.3105767583,4124126.9906271505
302589.2629558779,4124127.0101219113
302589.215304646,4124127.0295113726
302589.1676200827,4124127.048782748
302589.11989864,4124127.067921239
302589.07213614177,4124127.0869097817
302589.0243277122,4124127.1057287594
302588.97646769317,4124127.1243556663
302588.92854954756,4124127.142764725
302588.8805657478,4124127.1609264445
302588.832507648,4124127.1788071217
302588.7843653362,4124127.196368265
302588.73612746596,4124127.2135659377
302588.68778106256,4124127.230350012
302588.6393113024,4124127.246663314
302588.59070126,4124127.2624406475
302588.5419316203,4124127.2776076864
302588.49298034876,4124127.2920797067
302588.4438223166,4124127.305760143
302588.3944288724,4124127.3185389442
302588.34482880443,4124127.3305263566
302588.2950473808,4124127.3418191434
302588.24510677985,4124127.352502234
302588.1950264679,4124127.3626501695
302588.1448235311,4124127.372328374
302588.09451296646,4124127.381594269
302588.0441079372,4124127.3904982507
302587.9936199974,4124127.3990845517
302587.94305928826,4124127.4073919896
302587.89243471145,4124127.4154546317
302587.84175408044,4124127.423302375
302587.7910242537,4124127.4309614557
302587.7402512516,4124127.4384548953
302587.68944035884,4124127.4458028926
302587.63859621465,4124127.453023169
302587.5877228918,4124127.4601312717
302587.5368239658,4124127.467140834
302587.48590257595,4124127.4740638128
302587.434961479,4124127.4809106872
302587.38400309597,4124127.4876906425
302587.33302955306,4124127.494411721
302587.28204271843,4124127.5010809647
302587.2310442339,4124127.5077045313
302587.1800355425,4124127.5142877996
302587.12901791366,4124127.520835463
302587.07799246436,4124127.527351608
302587.02696017845,4124127.5338397827
302586.9759219231,4124127.5403030603
302586.92487846396,4124127.54674409
302586.873830478,4124127.553165141
302586.82277856505,4124127.559568143
302586.77172325796,4124127.565954718
302586.720665032,4124127.5723262066
302586.66960431234,4124127.5786836934
302586.61854148185,4124127.585028026
302586.56747688755,4124127.5913598263
302586.51641084626,4124127.5976795023
302586.46534365014,4124127.6039872565
302586.4142755717,4124127.6102830875
302586.36320686847,4124127.6165667903
302586.31213778723,4124127.622837954
302586.26106856845,4124127.6290959558
302586.20999945,4124127.6353399456
302586.15893067175,4124127.641568836
302586.1078624792,4124127.647781282
302586.05679512804,4124127.65397566
302586.005728888,4124127.660150036
302585.9546640478,4124127.666302137
302585.9036009201,4124127.67242931
302585.85253984673,4124127.6785284774
302585.80148120446,4124127.684596083
302585.75042541145,4124127.690628036
302585.69937293447,4124127.6966196345
302585.6483242968,4124127.7025654917
302585.59728008707,4124127.708459441
302585.5462409693,4124127.714294432
302585.4952076945,4124127.720062408
302585.44418111286,4124127.725754172
302585.3931621889,4124127.731359229
302585.3421520174,4124127.7368656043
302585.2911518424,4124127.7422596435
302585.2401630782,4124127.747525779
302585.1891873334,4124127.752646263
302585.1382264386,4124127.7576008667
302585.0872824773,4124127.762366535
302585.0363533788,4124127.766966372
302584.98543732567,4124127.7714206553
302584.93453272275,4124127.775747184
302584.8836381699,4124127.7799615804
302584.83275243826,4124127.7840775545
302584.7818744493,4124127.7881071414
302584.73100325634,4124127.7920609033
302584.6801380284,4124127.7959481105
302584.6292780363,4124127.7997769015
302584.57842263987,4124127.8035544176
302584.5275712772,4124127.8072869275
302584.4767234555,4124127.810979932
302584.42587874184,4124127.81463826
302584.3750367565,4124127.818266148
302584.32419716625,4124127.8218673156
302584.27335967857,4124127.825445025
302584.2225240367,4124127.8290021424
302584.1716900156,4124127.8325411794
302584.1208574174,4124127.8360643415
302584.07002606883,4124127.839573564
302584.0191958178,4124127.843070544
302583.9683665309,4124127.846556769
302583.91753809113,4124127.850033546
302583.8667103959,4124127.8535020184
302583.81588335556,4124127.8569631903
302583.76505689125,4124127.8604179397
302583.71423093416,4124127.863867036
302583.663405424,4124127.867311152
302583.6125803082,4124127.870750875
302583.56175554096,4124127.8741867184
302583.5109310822,4124127.877619129
302583.4601068972,4124127.881048497
302583.409282956,4124127.8844751576
302583.35845923255,4124127.8878994016
302583.30763570475,4124127.891321478
302583.2568123538,4124127.894741599
302583.2059891638,4124127.898159944
302583.1551661216,4124127.901576663
302583.1043432167,4124127.9049918754
302583.0535204408,4124127.908405678
302583.0026977879,4124127.9118181416
302582.951875254,4124127.915229315
302582.90105283726,4124127.918639225
302582.8502305378,4124127.922047876
302582.79940835777,4124127.9254552517
302582.748586301,4124127.928861315
302582.6977643739,4124127.9322660053
302582.6469425849,4124127.9356692387
302582.5961209446,4124127.939070907
302582.5452994664,4124127.942470874
302582.49447816634,4124127.9458689764
302582.44365706353,4124127.9492650167
302582.3928361805,4124127.952658764
302582.3420155434,4124127.9560499485
302582.2911951827,4124127.9594382565
302582.2403751334,4124127.9628233244
302582.189555436,4124127.966204734
302582.13873613696,4124127.969582006
302582.0879172894,4124127.972954588
302582.0370989542,4124127.9763218504
302581.98628120095,4124127.979683071
302581.9354641093,4124127.9830374247
302581.88464776997,4124127.986383971
302581.83383228653,4124127.9897216354
302581.78301777726,4124127.9930491927
302581.73220437695,4124127.9963652445
302581.68139223923,4124127.999668196
302581.6305815395,4124128.0029562307
302581.57977247715,4124128.006227277
302581.5289652799,4124128.009478974
302581.4781602073,4124128.0127086323
302581.42735755467,4124128.015913185
302581.3765576589,4124128.01908914
302581.3257609037,4124128.0222325153
302581.27496772655,4124128.025338775
302581.2241786256,4124128.028402752
302581.17339416844,4124128.0314185563
302581.12261500186,4124128.03437948
302581.0718418628,4124128.037277878
302581.021075591,4124128.0401050397
302580.97031714296,4124128.0428510434
302580.9195676087,4124128.045504583
302580.86882822996,4124128.0480527775
302580.81810042146,4124128.050480951
302580.7673857952,4124128.0527723837
302580.71668618754,4124128.0549080228
302580.66600369115,4124128.0568661643
302580.61534068966,4124128.058622081
302580.5646998992,4124128.060147597
302580.5140786035,4124128.061470888
302580.4634744188,4124128.0626166826
302580.41288525274,4124128.0636066864
302580.3623092687,4124128.06445995
302580.31174485467,4124128.0651931954
302580.26119059586,4124128.0658210986
302580.21064525045,4124128.0663565416
302580.1601077285,4124128.0668108305
302580.10957707325,4124128.067193889
302580.059052445,4124128.0675144275
302580.00853310677,4124128.0677800914
302579.9580184116,4124128.0679975906
302579.9075077918,4124128.0681728157
302579.8570007491,4124128.0683109355
302579.8064968459,4124128.068416488
302579.7559956984,4124128.0684934556
302579.7054969696,4124128.068545333
302579.65500036365,4124128.068575189
302579.60450562096,4124128.068585716
302579.55401251366,4124128.0685792794
302579.5035208418,4124128.068557952
302579.45303043,4124128.068523556
302579.4025411241,4124128.068477688
302579.3520527888,4124128.068421751
302579.30156530545,4124128.068356977
302579.2510785699,4124128.0682844464
302579.2005924906,4124128.0682051084
302579.15010698733,4124128.068119794
302579.09962198965,4124128.0680292356
302579.0491374359,4124128.067934074
302578.9986532717,4124128.067834872
302578.94816944934,4124128.0677321237
302578.89768592705,4124128.0676262625
302578.8472026681,4124128.067517669
302578.79671964026,4124128.067406677
302578.7462368153,4124128.0672935806
302578.69575416844,4124128.067178636
302578.6452716779,4124128.06706207
302578.59478932456,4124128.0669440804
302578.54430709174,4124128.0668248413
302578.49382496456,4124128.066704506
302578.4433429301,4124128.0665832087
302578.39286097704,4124128.066461067
302578.3423790955,4124128.066338185
302578.2918972767,4124128.0662146523
302578.24141551286,4124128.066090549
302578.19093379733,4124128.065965944
302578.1404521242,4124128.0658408995
302578.0899704883,4124128.065715469
302578.0394888851,4124128.0655897
302577.9890073106,4124128.0654636333
302577.9385257613,4124128.0653373054
302577.88804423413,4124128.065210748
302577.83756272634,4124128.065083989
302577.7870812355,4124128.0649570534
302577.7365997595,4124128.064829963
302577.6861182966,4124128.064702737
302577.6356368451,4124128.0645753928
302577.58515540365,4124128.064447943
302577.534673971,4124128.064320402
302577.4841925461,4124128.064192781
302577.433711128,4124128.06406509
302577.3832297159,4124128.0639373367
302577.3327483091,4124128.063809529
302577.28226690704,4124128.0636816733
302577.2317855089,4124128.0635537757
302577.18130411435,4124128.063425841
302577.130822723,4124128.0632978734
302577.08034133434,4124128.0631698784
302577.0298599481,4124128.063041858
302576.9793785638,4124128.062913816
302576.9288971814,4124128.0627857554
302576.87841580063,4124128.0626576785
302576.8279344213,4124128.0625295863
302576.7774530433,4124128.062401482
302576.7269716663,4124128.062273366
302576.6764902903,4124128.062145239
302576.62600891513,4124128.062017104
302576.57552754064,4124128.0618889616
302576.5250461669,4124128.061760812
302576.47456479375,4124128.0616326565
302576.4240834211,4124128.061504495
302576.373602049,4124128.0613763286
302576.3231206773,4124128.061248158
302576.27263930603,4124128.0611199834
302576.22215793503,4124128.0609918055
302576.17167656426,4124128.0608636243
302576.1211951938,4124128.060735441
302576.0707138235,4124128.0606072554
302576.02023245336,4124128.0604790677
302575.96975108335,4124128.0603508786
302575.9192697135,4124128.0602226886
302575.8687883438,4124128.060094497
302575.81830697425,4124128.059966305
302575.76782560477,4124128.059838111
302575.71734423534,4124128.059709916
302575.6668628659,4124128.0595817207
302575.61638149654,4124128.0594535256
302575.5659001272,4124128.05932533
302575.5154187579,4124128.059197134
302575.46493738866,4124128.059068938
302575.41445601947,4124128.0589407412
302575.3639746503,4124128.058812544
302575.31349328114,4124128.058684347
302575.26301191206,4124128.0585561497
302575.212530543,4124128.0584279518
302575.1620491739,4124128.058299754
302575.1115678048,4124128.0581715554
302575.06108643574,4124128.058043357
302575.01060506667,4124128.0579151586
302574.96012369765,4124128.05778696
302574.90964232857,4124128.0576587617
302574.8591609595,4124128.0575305633
302574.8086795904,4124128.057402365
302574.75819822133,4124128.0572741665
302574.7077168523,4124128.0571459676
302574.65723548323,4124128.0570177687
302574.60675411415,4124128.0568895703
