302600.78502100287,4124010.291776357
302600.7938780957,4124010.3791181217
302600.8028294947,4124010.466505421
302600.8119308709,4124010.5545246205
302600.8212986126,4124010.6435665423
302600.8309617024,4124010.7339879717
302600.8409514715,4124010.8260557326
302600.8513280911,4124010.919875077
302600.8621174906,4124011.015345644
302600.87332737836,4124011.112392658
302600.88498775073,4124011.2107535205
302600.8970333536,4124011.3103132546
302600.9094791497,4124011.4110008073
302600.9224177665,4124011.5134192063
302600.93595022766,4124011.6182009685
302600.9501876741,4124011.726018876
302600.9652532577,4124011.8375974367
302600.9812327762,4124011.952931356
302600.99816473294,4124012.0717622335
302601.0160347148,4124012.1939527756
302601.035100802,4124012.3192908866
302601.0554236,4124012.4477870944
302601.07704351423,4124012.579128529
302601.0999539935,4124012.7130080443
302601.12443215033,4124012.8494646493
302601.1506288265,4124012.9882917907
302601.1786069112,4124013.1292691245
302601.2083903045,4124013.272372246
302601.240047009,4124013.4173226496
302601.2735628393,4124013.5640588556
302601.30893722334,4124013.712424223
302601.34625730943,4124013.862316787
302601.3855453971,4124014.0135651934
302601.42680003407,4124014.166050851
302601.47002743883,4124014.319755785
302601.5152710516,4124014.4745155033
302601.56248352403,4124014.630221304
302601.6115903856,4124014.7867724416
302601.6625421695,4124014.9439881695
302601.7151425881,4124015.101835699
302601.76939778787,4124015.260203729
302601.82523013704,4124015.418945211
302601.8824341879,4124015.5778788943
302601.94084904995,4124015.7368705827
302602.0003146079,4124015.895800019
302602.0606556836,4124016.054644375
302602.1217254111,4124016.2133066147
302602.18329347786,4124016.37189682
302602.2451249618,4124016.530395063
302602.3068972408,4124016.6888260297
302602.36844584247,4124016.847228565
302602.42974665883,4124017.0055555287
302602.4905762755,4124017.163823061
302602.55092234025,4124017.3220379204
302602.6105854794,4124017.480213312
302602.66943920724,4124017.6384198563
302602.72744016355,4124017.796669434
302602.78438822186,4124017.9549277835
302602.8400463336,4124018.1133187455
302602.89430604805,4124018.271939607
302602.9470023925,4124018.430681175
302602.99794456654,4124018.5896854047
302603.0469227337,4124018.748808392
302603.09394111054,4124018.908145263
302603.13892191,4124019.0675499435
302603.1818393186,4124019.226919625
302603.2226652649,4124019.386263654
302603.26139973593,4124019.5455136136
302603.2981161823,4124019.7046286194
302603.33282188553,4124019.8636072236
302603.3655557737,4124020.0223556976
302603.3964521218,4124020.1808995763
302603.4256619004,4124020.339158853
302603.4533132659,4124020.4971936457
302603.4795948093,4124020.655007625
302603.5046332607,4124020.8125701873
302603.52852269297,4124020.969893984
302603.5513254548,4124021.1270066667
302603.5731100465,4124021.2839098265
302603.59398939315,4124021.4406566615
302603.6140558326,4124021.597291586
302603.63338155457,4124021.753910787
302603.6521851861,4124021.9105151007
302603.6706160126,4124022.067213629
302603.6887867351,4124022.223903447
302603.70688601007,4124022.38068455
302603.72488020814,4124022.5376888276
302603.74281338765,4124022.695002909
302603.76070004655,4124022.8526846063
302603.77845661907,4124023.0107341195
302603.79620759364,4124023.169203415
302603.8139413242,4124023.3281548303
302603.83164284023,4124023.4876367804
302603.84935619315,4124023.647667698
302603.86703434295,4124023.8082521884
302603.8847130034,4124023.9693046324
302603.9023142543,4124024.130844497
302603.91988762893,4124024.2928021033
302603.9374087563,4124024.455100917
302603.9548884333,4124024.617703944
302603.97233990044,4124024.7804972483
302603.98981412785,4124024.9434953798
302604.00739646377,4124025.1066621807
302604.0250664086,4124025.2699918114
302604.04289397766,4124025.433517131
302604.06084653817,4124025.5971884965
302604.0789544827,4124025.761083446
302604.09729114815,4124025.9251751495
302604.1158467371,4124026.089489521
302604.134633462,4124026.253977057
302604.1536634751,4124026.4186353325
302604.1729602571,4124026.583556152
302604.1925471033,4124026.748741408
302604.2123359197,4124026.9142883006
302604.2323245931,4124027.080165941
302604.2525264967,4124027.2464339063
302604.27289847704,4124027.4131724183
302604.29347620596,4124027.5804838366
302604.31423012237,4124027.748342969
302604.3351856607,4124027.9168022824
302604.35627931723,4124028.085854082
302604.3775558091,4124028.255501306
302604.39893590205,4124028.425712889
302604.42047229665,4124028.5965367435
302604.44214516296,4124028.767941585
302604.4639590023,4124028.9398772325
302604.48584766814,4124029.1123040775
302604.50771760975,4124029.2851506984
302604.52955165267,4124029.4583982895
302604.55133570806,4124029.6319779693
302604.5730651845,4124029.8058389616
302604.59481356293,4124029.979864085
302604.61663620285,4124030.1540118502
302604.63851962355,4124030.3282634774
302604.66044235555,4124030.502539087
302604.68238166673,4124030.6767844306
302604.7043492524,4124030.8510038615
302604.7262992873,4124031.0250922507
302604.74823389755,4124031.1990642184
302604.7701549322,4124031.372825059
302604.7920971106,4124031.546505981
302604.81417494436,4124031.7200771743
302604.8363501877,4124031.8934507603
302604.8586661399,4124032.0666092373
302604.8810810688,4124032.239565195
302604.90364477626,4124032.4122907817
302604.9262446153,4124032.5847046645
302604.9487643306,4124032.7568621067
302604.97131805826,4124032.928701226
302604.9937897229,4124033.100308553
302605.0161290587,4124033.271730208
302605.03833812143,4124033.443080536
302605.06037394644,4124033.614366351
302605.08223121526,4124033.7854979704
302605.1039177859,4124033.956537087
302605.12539550493,4124034.1276394036
302605.1467517196,4124034.2989838417
302605.1679609329,4124034.4705449254
302605.18904241914,4124034.6424887916
302605.2100385292,4124034.814776492
302605.2308174715,4124034.987426039
302605.25141409057,4124035.1605239753
302605.2719707206,4124035.3340452146
302605.29247334215,4124035.5081047714
302605.3128216221,4124035.682731086
302605.3331681131,4124035.8578964933
302605.3533982572,4124036.03358541
302605.37356694974,4124036.2097935514
302605.3936619433,4124036.3865018184
302605.41365198593,4124036.5635866574
302605.4335583852,4124036.7409925996
302605.45333377196,4124036.9185955515
302605.4728122114,4124037.0965802423
302605.491966965,4124037.274948448
302605.51077223336,4124037.453446621
302605.52913328004,4124037.6319321375
302605.5470069172,4124037.8103112136
302605.56431009434,4124037.9884323627
302605.58092360874,4124038.1661937223
302605.596841696,4124038.343452882
302605.6119518337,4124038.5204175184
302605.6263314146,4124038.6968408343
302605.64000855625,4124038.8726157197
302605.65302838763,4124039.0477843396
302605.6653650433,4124039.222193852
302605.67712206685,4124039.3958895644
302605.6883685426,4124039.5688231685
302605.6990026192,4124039.740893191
302605.7090077963,4124039.9119841256
302605.7183357448,4124040.0821378804
302605.72694007744,4124040.2513105692
302605.7348927628,4124040.4194260915
302605.7422740922,4124040.586465271
302605.7490853408,4124040.752338829
302605.75537173176,4124040.9168607807
302605.76117966144,4124041.079932001
302605.76664726227,4124041.24149577
302605.7717346923,4124041.4014357934
302605.77654506505,4124041.559639441
302605.7810036312,4124041.7159968847
302605.7851459543,4124041.8703830247
302605.78892901685,4124042.0226345775
302605.79240823735,4124042.1727101738
302605.7957323819,4124042.320434424
302605.7988862768,4124042.4658070644
302605.80192468344,4124042.608776519
302605.8048318703,4124042.7491226564
302605.8076537946,4124042.8866200033
302605.8102870185,4124043.0210265927
302605.81279921584,4124043.151958357
302605.8151172383,4124043.278858889
302605.81723277236,4124043.401107703
302605.8192328193,4124043.518131833
302605.8210842641,4124043.629067402
302605.82278313633,4124043.733008985
302605.82432185824,4124043.8288878584
302605.8257095829,4124043.917385883
302605.8269528907,4124043.99905917
302605.82805590157,4124044.074347558
302605.82902034535,4124044.1435821056
302605.8298455908,4124044.2069907333
302605.8305286357,4124044.2647021045
302605.83106405474,4124044.3167478167
302605.83144390763,4124044.363062945
302605.8316576036,4124044.40348493
302605.83171688014,4124044.439839663
302605.8316308438,4124044.4738837453
302605.8314061254,4124044.507334409
302605.8310469932,4124044.5418987777
302605.8305554253,4124044.5793029484
302605.8298618353,4124044.6173672904
302605.8289412032,4124044.6556000523
302605.8277646409,4124044.6935123513
302605.82629889995,4124044.730609846
302605.82450580504,4124044.766384311
302605.8223416039,4124044.800304983
302605.8197777715,4124044.8300902783
302605.8167595235,4124044.8534169514
302605.81322629703,4124044.867829734
302605.80924106616,4124044.874418661
302605.80485910433,4124044.8741404745
302605.800128926,4124044.8678349205
302605.7950931128,4124044.8562390553
302605.78978903935,4124044.839999805
302605.7842495099,4124044.819684988
302605.77850331727,4124044.7957929852
302605.77257573325,4124044.768761233
302605.76648893947,4124044.7389736753
302605.7602624048,4124044.706767307
302605.7539132175,4124044.672437913
302605.7474563762,4124044.636245107
302605.7409050454,4124044.598416757
302605.7342707799,4124044.5591528653
302605.7275637212,4124044.518628978
302605.7207927709,4124044.476999174
302605.7139657421,4124044.4343986893
302605.70708949235,4124044.3909462257
302605.7001700407,4124044.346745967
302605.69321267004,4124044.301889357
302605.6862220173,4124044.2564566587
302605.6792021524,4124044.2105183187
302605.6721566477,4124044.1641361704
302605.66508863855,4124044.1173644844
302605.6580008769,4124044.070250896
302605.6508957782,4124044.0228372146
302605.6437754626,4124043.975160138
302605.6366417908,4124043.927251876
302605.6294963962,4124043.879140699
302605.6223407124,4124043.83085142
302605.61517599755,4124043.7824058193
302605.60800335597,4124043.733823013
302605.6008237572,4124043.68511978
302605.5936380518,4124043.636310846
302605.5864469867,4124043.5874091377
302605.57925121725,4124043.5384259997
302605.57205131877,4124043.489371391
302605.5648477962,4124043.4402540512
302605.5576410928,4124043.391081651
302605.5504315975,4124043.341860925
302605.5432196518,4124043.2925977823
302605.5360055553,4124043.24329741
302605.528789571,4124043.1939643617
302605.52157192986,4124043.1446026335
302605.5143528345,4124043.095215732
302605.5071324627,4124043.045806737
302605.4999109706,4124042.9963783496
302605.49268849526,4124042.946932942
302605.4854651569,4124042.897472596
302605.47824106115,4124042.8479991374
302605.47101630055,4124042.798514171
302605.4637909564,4124042.749019105
302605.4565651003,4124042.6995151737
302605.4493387946,4124042.650003462
302605.4421120945,4124042.6004849216
302605.4348850481,4124042.550960387
302605.42765769776,4124042.501430592
302605.4204300808,4124042.45189618
302605.4132022297,4124042.4023577156
302605.4059741733,4124042.3528156956
302605.3987459365,4124042.3032705537
302605.3915175414,4124042.253722673
302605.3842890074,4124042.2041723877
302605.37706035166,4124042.154619993
302605.36983158893,4124042.1050657467
302605.3626027324,4124042.055509874
302605.35537379346,4124042.005952576
302605.3481447822,4124041.956394026
302605.34091570746,4124041.906834378
302605.3336865771,4124041.857273766
302605.3264573979,4124041.807712308
302605.3192281758,4124041.758150108
302605.31199891603,4124041.7085872577
302605.30476962327,4124041.659023836
302605.2975403016,4124041.6094599124
302605.29031095444,4124041.5598955485
302605.28308158513,4124041.510330798
302605.2758521962,4124041.4607657087
302605.26862279,4124041.411200322
302605.2613933687,4124041.3616346754
302605.25416393427,4124041.3120687995
302605.2469344883,4124041.2625027234
302605.2397050323,4124041.2129364708
302605.2324755674,4124041.1633700635
302605.2252460945,4124041.1138035217
302605.2180166149,4124041.0642368607
302605.2107871292,4124041.0146700954
302605.2035576381,4124040.9651032374
302605.1963281424,4124040.9155363
302605.1890986427,4124040.8659692914
302605.18186913943,4124040.816402222
302605.17463963316,4124040.7668350986
302605.16741012415,4124040.7172679277
302605.16018061276,4124040.667700715
302605.1529510994,4124040.6181334653
302605.14572158415,4124040.5685661836
302605.13849206734,4124040.518998874
302605.13126254914,4124040.4694315405
302605.1240330296,4124040.4198641856
302605.11680350895,4124040.3702968117
302605.1095739873,4124040.320729422
302605.10234446486,4124040.2711620177
302605.0951149417,4124040.221594602
302605.0878854178,4124040.1720271744
302605.0806558933,4124040.122459737
302605.0734263684,4124040.0728922915
302605.066196843,4124040.023324838
302605.05896731716,4124039.9737573783
302605.0517377909,4124039.924189913
302605.0445082644,4124039.874622442
302605.03727873764,4124039.825054966
302605.0300492106,4124039.7754874863
302605.02281968336,4124039.7259200034
302605.015590156,4124039.676352517
302605.0083606285,4124039.626785028
302605.0011311009,4124039.577217536
302604.99390157306,4124039.5276500424
302604.9866720451,4124039.4780825465
302604.97944251704,4124039.4285150496
302604.97221298894,4124039.378947552
302604.96498346084,4124039.3293800526
302604.9577539327,4124039.279812552
302604.9505244045,4124039.2302450505
302604.9432948763,4124039.180677548
302604.9360653481,4124039.131110045
302604.9288358198,4124039.0815425417
302604.9216062915,4124039.0319750383
302604.91437676316,4124038.9824075345
302604.9071472348,4124038.93284003
302604.8999177063,4124038.883272526
302604.8926881779,4124038.833705021
302604.8854586494,4124038.784137516
302604.878229121,4124038.7345700106
302604.87099959253,4124038.685002505
302604.8637700641,4124038.635434999
302604.8565405357,4124038.585867493
302604.84931100724,4124038.5362999868
302604.8420814788,4124038.48673248
302604.83485195035,4124038.4371649735
302604.8276224219,4124038.387597467
302604.82039289345,4124038.33802996
302604.813163365,4124038.2884624535
302604.8059338366,4124038.2388949473
302604.79870430817,4124038.189327441
302604.7914747797,4124038.1397599345
302604.78424525127,4124038.090192428
302604.7770157228,4124038.040624921
302604.7697861944,4124037.9910574146
302604.7625566659,4124037.941489908
302604.7553271375,4124037.8919224013
302604.74809760903,4124037.842354895
302604.74086808064,4124037.792787389
302604.7336385522,4124037.7432198822
302604.72640902374,4124037.6936523756
302604.7191794953,4124037.644084869
302604.71194996685,4124037.5945173623
302604.7047204384,4124037.5449498557
302604.69749090995,4124037.4953823495
302604.69026138156,4124037.4458148433
302604.6830318531,4124037.3962473366
302604.67580232467,4124037.34667983
302604.6685727962,4124037.2971123233
302604.66134326777,4124037.2475448167
302604.6541137393,4124037.19797731
302604.6468842109,4124037.148409804
302604.6396546825,4124037.0988422977
302604.63242515404,4124037.049274791
302604.6251956256,4124036.9997072844
302604.61796609714,4124036.9501397777
302604.6107365687,4124036.900572271
302604.60350704024,4124036.8510047644
302604.5962775118,4124036.8014372583
302604.5890479834,4124036.751869752
302604.58181845496,4124036.7023022454
302604.5745889265,4124036.652734739
302604.56735939806,4124036.603167232
302604.5601298696,4124036.5535997255
302604.55290034116,4124036.504032219
302604.5456708127,4124036.4544647126
302604.5384412843,4124036.4048972065
302604.5312117559,4124036.3553297
302604.52398222743,4124036.305762193
302604.516752699,4124036.2561946865
302604.50952317053,4124036.20662718
302604.5022936421,4124036.157059673
302604.49506411364,4124036.107492167
302604.48783458525,4124036.057924661
302604.4806050568,4124036.008357154
302604.47337552835,4124035.9587896476
302604.4661459999,4124035.909222141
302604.45891647146,4124035.8596546343
302604.451686943,4124035.810087128
302604.44445741456,4124035.760519622
302604.43722788617,4124035.7109521152
302604.4299983577,4124035.6613846086
302604.4227688293,4124035.611817102
302604.4155393008,4124035.5622495953
302604.4083097724,4124035.5126820887
302604.40108024393,4124035.4631145825
302604.3938507155,4124035.4135470763
302604.3866211871,4124035.3639795696
302604.37939165864,4124035.314412063
302604.3721621302,4124035.2648445563
302604.36493260175,4124035.2152770497
302604.3577030733,4124035.165709543
302604.35047354485,4124035.116142037
302604.3432440164,4124035.0665745307
302604.336014488,4124035.017007024
302604.32878495957,4124034.9674395174
302604.3215554311,4124034.9178720107
302604.31432590267,4124034.868304504
302604.3070963742,4124034.8187369974
302604.2998668458,4124034.7691694913
302604.2926373173,4124034.719601985
302604.28540778894,4124034.6700344784
302604.2781782605,4124034.620466972
302604.27094873204,4124034.570899465
302604.2637192036,4124034.5213319585
302604.25648967514,4124034.4717644523
302604.2492601467,4124034.422196946
302604.24203061825,4124034.3726294395
302604.23480108986,4124034.323061933
302604.2275715614,4124034.273494426
302604.22034203296,4124034.2239269195
302604.2131125045,4124034.174359413
302604.20588297606,4124034.1247919067
302604.1986534476,4124034.0752244005
302604.19142391917,4124034.025656894
302604.1841943908,4124033.976089387
302604.17696486233,4124033.9265218806
302604.1697353339,4124033.876954374
302604.16250580543,4124033.8273868673
302604.155276277,4124033.777819361
302604.14804674854,4124033.728251855
302604.1408172201,4124033.6786843482
302604.1335876917,4124033.6291168416
302604.12635816325,4124033.579549335
302604.1191286348,4124033.5299818283
302604.11189910636,4124033.480414322
302604.1046695779,4124033.430846816
302604.09744004946,4124033.3812793093
302604.090210521,4124033.3317118026
302604.0829809926,4124033.282144296
302604.0757514642,4124033.2325767893
302604.0685219357,4124033.1830092827
302604.0612924073,4124033.1334417765
302604.05406287883,4124033.0838742703
302604.0468333504,4124033.0343067637
302604.03960382193,4124032.984739257
302604.03237429354,4124032.9351717504
302604.0251447651,4124032.8856042437
302604.01791523665,4124032.836036737
302604.0106857082,4124032.786469231
302604.00345617975,4124032.7369017247
302603.9962266513,4124032.687334218
302603.98899712285,4124032.6377667114
302603.98176759447,4124032.5881992048
302603.974538066,4124032.538631698
302603.96730853757,4124032.489064192
302603.9600790091,4124032.4394966858
302603.9528494807,4124032.389929179
302603.9456199522,4124032.3403616725
302603.9383904238,4124032.290794166
302603.9311608954,4124032.241226659
302603.92393136694,4124032.1916591525
302603.9167018385,4124032.1420916463
302603.90947231004,4124032.09252414
302603.9022427816,4124032.0429566335
302603.89501325315,4124031.993389127
302603.8877837247,4124031.94382162
302603.8805541963,4124031.8942541135
302603.87332466786,4124031.8446866074
302603.8660951394,4124031.795119101
302603.85886561096,4124031.7455515945
302603.8516360825,4124031.695984088
302603.84440655407,4124031.6464165812
302603.8371770256,4124031.5968490746
302603.82994749723,4124031.547281568
302603.8227179688,4124031.4977140618
302603.81548844033,4124031.4481465556
302603.8082589119,4124031.398579049
302603.80102938344,4124031.3490115423
302603.793799855,4124031.2994440356
302603.78657032654,4124031.249876529
302603.77934079815,4124031.2003090223
302603.7721112697,4124031.150741516
302603.76488174126,4124031.10117401
302603.7576522128,4124031.0516065033
302603.75042268436,4124031.0020389967
302603.7431931559,4124030.95247149
302603.73596362746,4124030.9029039834
302603.7287340991,4124030.853336477
302603.7215045706,4124030.803768971
302603.7142750422,4124030.7542014644
302603.7070455137,4124030.7046339577
302603.6998159853,4124030.655066451
302603.69258645683,4124030.6054989444
302603.6853569284,4124030.5559314378
302603.6781274,4124030.5063639316
302603.67089787155,4124030.4567964254
302603.6636683431,4124030.4072289187
302603.65643881465,4124030.357661412
302603.6492092862,4124030.3080939054
302603.64197975775,4124030.258526399
302603.6347502293,4124030.208958892
302603.6275207009,4124030.159391386
302603.62029117247,4124030.10982388
302603.613061644,4124030.060256373
302603.6058321156,4124030.0106888665
302603.5986025871,4124029.96112136
302603.5913730587,4124029.911553853
302603.5841435302,4124029.8619863465
302603.57691400184,4124029.8124188404
302603.5696844734,4124029.762851334
302603.56245494494,4124029.7132838275
302603.5552254165,4124029.663716321
302603.54799588805,4124029.614148814
302603.5407663596,4124029.5645813076
302603.53353683115,4124029.515013801
302603.52630730276,4124029.4654462948
302603.5190777743,4124029.4158787886
302603.51184824586,4124029.366311282
302603.5046187174,4124029.3167437753
302603.49738918897,4124029.2671762686
302603.4901596605,4124029.217608762
302603.4829301321,4124029.1680412553
302603.4757006037,4124029.118473749
302603.46847107523,4124029.068906243
302603.4612415468,4124029.0193387363
302603.45401201834,4124028.9697712297
302603.4467824899,4124028.920203723
302603.43955296144,4124028.8706362164
302603.432323433,4124028.8210687097
302603.4250939046,4124028.7715012035
302603.41786437616,4124028.7219336974
302603.4106348477,4124028.6723661907
302603.40340531926,4124028.622798684
302603.3961757908,4124028.5732311774
302603.38894626236,4124028.5236636708
302603.3817167339,4124028.474096164
302603.37448720547,4124028.4245286575
302603.367257677,4124028.3749611513
302603.3600281486,4124028.325393645
302603.3527986202,4124028.2758261384
302603.34556909173,4124028.226258632
302603.3383395633,4124028.176691125
302603.33111003484,4124028.1271236185
302603.3238805064,4124028.077556112
302603.31665097794,4124028.0279886057
302603.30942144955,4124027.9784210995
302603.3021919211,4124027.928853593
302603.29496239265,4124027.879286086
302603.2877328642,4124027.8297185795
302603.28050333576,4124027.780151073
302603.2732738073,4124027.7305835662
302603.26604427886,4124027.68101606
302603.2588147505,4124027.631448554
302603.251585222,4124027.581881047
302603.2443556936,4124027.5323135406
302603.2371261651,4124027.482746034
302603.2298966367,4124027.4331785273
302603.22266710823,4124027.3836110206
302603.2154375798,4124027.3340435144
302603.2082080514,4124027.2844760083
302603.20097852295,4124027.2349085016
302603.1937489945,4124027.185340995
302603.18651946605,4124027.1357734883
302603.1792899376,4124027.0862059817
302603.17206040915,4124027.036638475
302603.1648308807,4124026.987070969
302603.1576013523,4124026.9375034627
302603.15037182387,4124026.887935956
302603.1431422954,4124026.8383684494
302603.135912767,4124026.7888009427
302603.1286832385,4124026.739233436
302603.1214537101,4124026.6896659294
302603.1142241816,4124026.640098423
302603.10699465324,4124026.590530917
302603.0997651248,4124026.5409634104
302603.09253559634,4124026.4913959038
302603.0853060679,4124026.441828397
302603.07807653944,4124026.3922608905
302603.070847011,4124026.342693384
302603.06361748255,4124026.2931258776
302603.05638795416,4124026.2435583714
302603.0491584257,4124026.193990865
302603.04192889726,4124026.144423358
302603.0346993688,4124026.0948558515
302603.02746984037,4124026.045288345
302603.0202403119,4124025.9957208387
302603.01301078347,4124025.9461533325
302603.0057812551,4124025.896585826
302602.99855172663,4124025.847018319
302602.9913221982,4124025.7974508125
302602.98409266974,4124025.747883306
302602.9768631413,4124025.6983157992
302602.96963361284,4124025.648748293
302602.9624040844,4124025.599180787
302602.955174556,4124025.54961328
302602.94794502755,4124025.5000457736
302602.9407154991,4124025.450478267
302602.93348597066,4124025.4009107603
302602.9262564422,4124025.3513432536
302602.91902691376,4124025.3017757474
302602.9117973853,4124025.2522082413
302602.9045678569,4124025.2026407346
302602.8973383285,4124025.153073228
302602.8901088,4124025.1035057213
302602.8828792716,4124025.0539382147
302602.87564974313,4124025.004370708
302602.8684202147,4124024.954803202
302602.86119068624,4124024.9052356957
302602.85396115785,4124024.855668189
302602.8467316294,4124024.8061006824
302602.83950210095,4124024.7565331757
302602.8322725725,4124024.706965669
302602.82504304405,4124024.657398163
302602.8178135156,4124024.6078306567
302602.81058398716,4124024.55826315
302602.80335445877,4124024.5086956434
302602.7961249303,4124024.4591281367
302602.78889540187,4124024.40956063
302602.7816658734,4124024.3599931234
302602.774436345,4124024.3104256173
302602.7672068165,4124024.260858111
302602.7599772881,4124024.2112906044
302602.7527477597,4124024.161723098
302602.74551823124,4124024.112155591
302602.7382887028,4124024.0625880845
302602.73105917434,4124024.0130205783
302602.7238296459,4124023.963453072
302602.71660011745,4124023.9138855655
302602.709370589,4124023.864318059
302602.7021410606,4124023.814750552
302602.69491153216,4124023.7651830455
302602.6876820037,4124023.715615539
302602.68045247527,4124023.6660480327
302602.6732229468,4124023.6164805265
302602.66599341837,4124023.56691302
302602.6587638899,4124023.517345513
302602.65153436153,4124023.4677780066
302602.6443048331,4124023.4182105
302602.63707530464,4124023.3686429933
302602.6298457762,4124023.319075487
302602.62261624774,4124023.269507981
302602.6153867193,4124023.2199404743
302602.60815719084,4124023.1703729676
302602.60092766245,4124023.120805461
302602.593698134,4124023.0712379543
302602.58646860556,4124023.021670448
302602.5792390771,4124022.972102942
302602.57200954866,4124022.9225354353
302602.5647800202,4124022.8729679286
302602.55755049177,4124022.823400422
302602.5503209634,4124022.7738329154
302602.5430914349,4124022.7242654087
302602.5358619065,4124022.6746979025
302602.52863237803,4124022.6251303963
302602.5214028496,4124022.5755628897
302602.51417332113,4124022.525995383
302602.5069437927,4124022.4764278764
302602.4997142643,4124022.4268603697
302602.49248473585,4124022.377292863
302602.4852552074,4124022.327725357
302602.47802567895,4124022.2781578507
302602.4707961505,4124022.228590344
302602.46356662206,4124022.1790228374
302602.4563370936,4124022.129455331
302602.4491075652,4124022.079887824
302602.44187803677,4124022.030320318
302602.4346485083,4124021.9807528118
302602.4274189799,4124021.931185305
302602.4201894514,4124021.8816177985
302602.412959923,4124021.832050292
302602.40573039453,4124021.782482785
302602.39850086614,4124021.7329152785
302602.3912713377,4124021.6833477723
302602.38404180924,4124021.633780266
302602.3768122808,4124021.5842127595
302602.36958275235,4124021.534645253
302602.3623532239,4124021.485077746
302602.35512369545,4124021.4355102396
302602.34789416706,4124021.385942733
302602.3406646386,4124021.3363752267
302602.33343511017,4124021.2868077205
302602.3262055817,4124021.237240214
302602.31897605327,4124021.1876727073
302602.3117465248,4124021.1381052006
302602.3045169964,4124021.088537694
302602.297287468,4124021.038970188
302602.29005793954,4124020.9894026816
302602.2828284111,4124020.939835175
302602.27559888264,4124020.8902676683
302602.2683693542,4124020.8407001616
302602.26113982574,4124020.791132655
302602.2539102973,4124020.7415651483
302602.2466807689,4124020.691997642
302602.23945124046,4124020.642430136
302602.232221712,4124020.5928626293
302602.22499218356,4124020.5432951227
302602.2177626551,4124020.493727616
302602.21053312666,4124020.4441601094
302602.2033035982,4124020.3945926027
302602.1960740698,4124020.3450250966
302602.1888445414,4124020.2954575904
302602.18161501293,4124020.2458900837
302602.1743854845,4124020.196322577
302602.16715595603,4124020.1467550704
302602.1599264276,4124020.097187564
302602.15269689914,4124020.047620057
302602.14546737075,4124019.998052551
302602.1382378423,4124019.9484850448
302602.13100831385,4124019.898917538
302602.1237787854,4124019.8493500315
302602.11654925696,4124019.799782525
302602.1093197285,4124019.750215018
302602.10209020006,4124019.7006475115
302602.09486067167,4124019.6510800053
302602.0876311432,4124019.601512499
302602.0804016148,4124019.5519449925
302602.0731720863,4124019.502377486
302602.0659425579,4124019.452809979
302602.05871302943,4124019.4032424726
302602.051483501,4124019.353674966
302602.0442539726,4124019.3041074597
302602.03702444414,4124019.2545399535
302602.0297949157,4124019.204972447
302602.02256538725,4124019.1554049402
302602.0153358588,4124019.1058374336
302602.00810633035,4124019.056269927
302602.0008768019,4124019.0067024203
302601.9936472735,4124018.957134914
302601.98641774507,4124018.907567408
302601.9791882166,4124018.8579999013
302601.97195868817,4124018.8084323946
302601.9647291597,4124018.758864888
302601.9574996313,4124018.7092973813
302601.9502701028,4124018.6597298747
302601.9430405744,4124018.610162368
302601.9358110459,4124018.560594862
302601.92858151754,4124018.5110273557
302601.9213519891,4124018.461459849
302601.91412246064,4124018.4118923424
302601.9068929322,4124018.3623248357
302601.89966340375,4124018.312757329
302601.8924338753,4124018.2631898224
302601.88520434685,4124018.2136223163
302601.87797481846,4124018.16405481
302601.87074529,4124018.1144873034
302601.86351576156,4124018.064919797
302601.8562862332,4124018.01535229
302601.8490567048,4124017.965784784
302601.84182717645,4124017.9162172778
302601.8345976481,4124017.866649772
302601.82736811985,4124017.817082267
302601.8201385916,4124017.7675147615
302601.81290906336,4124017.7179472568
302601.80567953514,4124017.6683797524
302601.798450007,4124017.618812248
302601.7912204789,4124017.5692447443
302601.7839909508,4124017.519677241
302601.7767614228,4124017.4701097375
302601.7695318949,4124017.4205422346
302601.7623023671,4124017.370974732
302601.7550728395,4124017.321407231
302601.74784331204,4124017.271839731
302601.7406137847,4124017.2222722317
302601.7333842576,4124017.172704734
302601.72615473054,4124017.123137237
302601.71892520384,4124017.073569741
302601.71169567737,4124017.0240022475
302601.7044661512,4124016.9744347557
302601.6972366254,4124016.9248672663
302601.6900071,4124016.8752997806
302601.68277757516,4124016.825732298
302601.67554805084,4124016.7761648195
302601.6683185271,4124016.7265973454
302601.66108900413,4124016.677029876
302601.65385948186,4124016.6274624127
302601.6466299605,4124016.5778949554
302601.6394004401,4124016.5283275046
302601.6321709208,4124016.478760062
302601.6249414028,4124016.429192628
302601.61771188636,4124016.379625204
302601.6104823716,4124016.330057792
302601.60325285874,4124016.2804903933
302601.59602334816,4124016.23092301
302601.5887938402,4124016.181355644
302601.58156433515,4124016.131788298
302601.57433483336,4124016.082220975
302601.5671053354,4124016.032653678
302601.5598758418,4124015.9830864104
302601.552646353,4124015.933519177
302601.54541686986,4124015.883951982
302601.5381873933,4124015.834384831
302601.53095792414,4124015.7848177315
302601.52372846345,4124015.7352506896
302601.51649901224,4124015.6856837133
302601.5092695719,4124015.6361168125
302601.5020401441,4124015.5865499983
302601.4948107306,4124015.5369832814
302601.48758133344,4124015.4874166762
302601.48035195476,4124015.4378501987
302601.4731225972,4124015.388283866
302601.46589326375,4124015.3387176986
302601.4586639578,4124015.2891517202
302601.45143468305,4124015.239585957
302601.444205444,4124015.1900204387
302601.43697624566,4124015.140455201
302601.4297470937,4124015.090890281
302601.42251799454,4124015.0413257233
302601.41528895556,4124014.9917615796
302601.4080599853,4124014.942197908
302601.4008310934,4124014.8926347736
302601.39360229054,4124014.8430722523
302601.38637358934,4124014.7935104286
302601.3791450039,4124014.7439494007
302601.37191655044,4124014.6943892795
302601.36468824744,4124014.644830191
302601.35746011575,4124014.59527228
302601.3502321794,4124014.5457157106
302601.34300446545,4124014.4961606693
302601.33577700506,4124014.4466073695
302601.32854983344,4124014.3970560543
302601.321322991,4124014.3475070004
302601.3140965236,4124014.297960524
302601.3068704836,4124014.248416983
302601.2996449305,4124014.198876787
302601.29241993214,4124014.149340402
302601.2851955659,4124014.099808359
302601.27797191974,4124014.050281264
302601.27074909426,4124014.0007598056
302601.26352720376,4124013.95124477
302601.25630637835,4124013.901737053
302601.2490867666,4124013.852237673
302601.2418685376,4124013.802747793
302601.23465188406,4124013.7532687355
302601.22743702546,4124013.7038020096
302601.2202242119,4124013.6543493327
302601.2130137284,4124013.6049126633
302601.20580589946,4124013.555494231
302601.1986010952,4124013.5060965773
302601.19139973685,4124013.456722596
302601.18420230463,4124013.407375587
302601.1770093455,4124013.3580593085
302601.1698214826,4124013.30877804
302601.1626394262,4124013.259536661
302601.15546398493,4124013.210340729
302601.14829608076,4124013.161196575
302601.1411367637,4124013.112111414
302601.13398723,4124013.0630934644
302601.1268488429,4124013.01415209
302601.11972315534,4124012.9652979597
302601.1126119366,4124012.916543229
302601.10551720246,4124012.8679017466
302601.09844124963,4124012.81938929
302601.09138669487,4124012.771023835
302601.0843565192,4124012.722825863
302601.0773541193,4124012.674818707
302601.07038336486,4124012.6270289533
302601.06344866485,4124012.57948689
302601.05655504245,4124012.5322270263
302601.04970822064,4124012.4852886773
302601.04291471967,4124012.438716638
302601.03618196835,4124012.3925619423
302601.02951843047,4124012.3468827363
302601.02293374884,4124012.3017452657
302601.01643891,4124012.2572250064
302601.0100464308,4124012.2134079486
302601.0037705725,4124012.170392064
302600.99762758263,4124012.128288973
302600.99163597275,4124012.0872258483
302600.9858168335,4124012.04734758
302600.9801941937,4124012.0088192443
302600.9747954302,4124011.971828916
302600.96965173364,4124011.9365908746
302600.9647986406,4124011.903349251
302600.96027663845,4124011.872382191
302600.9561318556,4124011.8440065905
302600.9524168468,4124011.8185834973
302600.9491914892,4124011.79652426
302600.94652400207,4124011.778297539
302600.94449210895,4124011.7644372876
302600.94318436214,4124011.755551852
302600.94270165125,4124011.752334334
302600.943158922,4124011.7555743996
302600.9444412287,4124011.7644823827
302600.94644768164,4124011.778365182
302600.9490897286,4124011.7966144513
302600.95228964597,4124011.818696236
302600.9559792144,4124011.8441418763
302600.96009855694,4124011.872540024
302600.96459511865,4124011.903529631
302600.9694227712,4124011.9367938
302600.9745410272,4124011.9720543865
302600.97991435014,4124012.009067259
302600.9855115491,4124012.047618138
302600.9913052475,4124012.0875189495
302600.99727141636,4124012.1286046165
302601.0033889651,4124012.1707302486
302601.00963938225,4124012.2137686736
302601.01600642,4124012.257608271
302601.0224758174,4124012.3021510695
302601.0290350573,4124012.3473110776
302601.0356731534,4124012.39301282
302601.04238046275,4124012.4391900506
302601.0491485216,4124012.485784625
302601.05596990127,4124012.5327455085
302601.06283808127,4124012.5800279058
302601.0697473387,4124012.6275925003
302601.0766926504,4124012.6754047843
302601.08366960735,4124012.7234344687
302601.09067433997,4124012.7716549686
302601.0977034515,4124012.82004295
302601.104753961,4124012.8685779325
302601.11182325165,4124012.9172419403
302601.11890902685,4124012.9660191946
302601.12600927067,4124013.014895847
302601.1331222138,4124013.0638597435
302601.1402463034,4124013.112900215
302601.1473801763,4124013.162007897
302601.1545226361,4124013.2111745705
302601.16167263285,4124013.260393021
302601.1688292448,4124013.3096569176
302601.17599166295,4124013.3589607025
302601.1831591773,4124013.408299498
302601.1903311647,4124013.457669022
302601.19750707806,4124013.5070655174
302601.2046864373,4124013.5564856855
302601.211868821,4124013.605926631
302601.2190538593,4124013.655385814
302601.22624122753,4124013.7048610034
302601.2334306407,4124013.7543502417
302601.2406218488,4124013.8038518107
302601.24781463237,4124013.853364202
302601.25500879856,4124013.902886093
302601.2622041784,4124013.9524163217
302601.2694006234,4124014.0019538677
302601.2765980033,4124014.0514978357
302601.2837962037,4124014.10104744
302601.29099512426,4124014.1506019924
302601.2981946769,4124014.2001608876
302601.3053947843,4124014.2497235937
302601.3125953786,4124014.299289645
302601.31979640026,4124014.3488586326
302601.3269977969,4124014.3984301956
302601.33419952274,4124014.44800402
302601.34140153753,4124014.4975798293
302601.3486038058,4124014.5471573807
302601.3558062967,4124014.5967364605
302601.36300898285,4124014.646316882
302601.3702118404,4124014.695898481
302601.3774148482,4124014.7454811134
302601.384617988,4124014.7950646523
302601.39182124374,4124014.844648987
302601.3990246011,4124014.89423402
302601.4062280477,4124014.9438196654
302601.41343157255,4124014.9934058483
302601.4206351661,4124015.042992504
302601.4278388199,4124015.0925795743
302601.43504252663,4124015.1421670076
302601.44224627974,4124015.1917547598
302601.4494500736,4124015.2413427914
302601.4566539032,4124015.2909310684
302601.46385776415,4124015.340519561
302601.47106165264,4124015.390108242
302601.47826556535,4124015.439697089
302601.48546949914,4124015.489286082
302601.4926734515,4124015.5388752026
302601.49987742,4124015.588464436
302601.5070814029,4124015.638053767
302601.5142853983,4124015.6876431843
302601.52148940484,4124015.7372326767
302601.5286934209,4124015.786822235
302601.53589744546,4124015.836411852
302601.5431014774,4124015.8860015194
302601.55030551576,4124015.935591231
302601.55750955985,4124015.985180982
302601.5647136089,4124016.034770767
302601.5719176623,4124016.0843605828
302601.5791217196,4124016.133950425
302601.5863257803,4124016.1835402898
302601.5935298439,4124016.2331301747
302601.6007339101,4124016.282720077
302601.6079379785,4124016.332309995
302601.615142049,4124016.381899927
302601.6223461211,4124016.43148987
302601.6295501947,4124016.481079824
302601.63675426977,4124016.530669787
302601.643958346,4124016.5802597576
302601.65116242325,4124016.6298497347
302601.65836650133,4124016.679439718
302601.66557058005,4124016.729029707
302601.6727746595,4124016.7786197015
302601.67997873964,4124016.828209701
302601.6871828204,4124016.877799704
302601.6943869016,4124016.9273897107
302601.70159098326,4124016.9769797204
302601.7087950653,4124017.0265697315
302601.7159991476,4124017.076159745
302601.72320323024,4124017.1257497603
302601.7304073131,4124017.1753397775
302601.7376113962,4124017.224929796
302601.74481547944,4124017.274519816
302601.7520195629,4124017.324109837
302601.7592236464,4124017.3736998593
302601.76642773015,4124017.4232898825
302601.773631814,4124017.472879907
302601.780835898,4124017.522469932
302601.7880399821,4124017.5720599573
302601.79524406616,4124017.621649983
302601.8024481503,4124017.6712400084
302601.8096522344,4124017.7208300345
302601.8168563186,4124017.770420061
302601.82406040287,4124017.8200100875
302601.8312644871,4124017.8696001144
302601.8384685714,4124017.919190142
302601.8456726558,4124017.9687801693
302601.85287674016,4124018.018370197
302601.8600808246,4124018.0679602255
302601.867284909,4124018.117550254
302601.8744889935,4124018.1671402818
302601.881693078,4124018.21673031
302601.8888971624,4124018.2663203385
302601.8961012469,4124018.3159103664
302601.90330533136,4124018.3655003947
302601.9105094158,4124018.415090423
302601.91771350027,4124018.464680451
302601.92491758475,4124018.514270479
302601.9321216692,4124018.563860507
302601.93932575366,4124018.6134505356
302601.94652983814,4124018.6630405635
302601.95373392256,4124018.712630592
302601.96093800705,4124018.76222062
302601.96814209153,4124018.811810648
302601.97534617595,4124018.8614006764
302601.98255026044,4124018.910990705
302601.9897543449,4124018.9605807327
302601.99695842934,4124019.010170761
302602.0041625138,4124019.0597607894
302602.0113665983,4124019.1093508173
302602.01857068273,4124019.1589408456
302602.0257747672,4124019.208530874
302602.0329788517,4124019.2581209023
302602.0401829361,4124019.3077109307
302602.0473870206,4124019.3573009586
302602.0545911051,4124019.406890987
302602.0617951895,4124019.4564810153
302602.068999274,4124019.5060710437
302602.0762033585,4124019.555661072
302602.0834074429,4124019.6052511
302602.0906115273,4124019.654841128
302602.0978156118,4124019.704431156
302602.1050196963,4124019.7540211845
302602.1122237807,4124019.8036112124
302602.1194278652,4124019.8532012408
302602.1266319497,4124019.902791269
302602.1338360341,4124019.952381297
302602.1410401186,4124020.0019713254
302602.14824420307,4124020.0515613537
302602.1554482875,4124020.1011513816
302602.162652372,4124020.15074141
302602.16985645646,4124020.2003314383
302602.1770605409,4124020.249921466
302602.18426462536,4124020.2995114946
302602.19146870985,4124020.349101523
302602.1986727943,4124020.398691551
302602.20587687875,4124020.448281579
302602.21308096324,4124020.4978716075
302602.22028504766,4124020.5474616354
302602.22748913214,4124020.597051664
302602.2346932166,4124020.646641692
302602.24189730105,4124020.69623172
302602.24910138553,4124020.7458217484
302602.25630547,4124020.7954117768
302602.26350955444,4124020.8450018046
302602.2707136389,4124020.894591833
302602.2779177234,4124020.9441818614
302602.2851218078,4124020.9937718892
302602.2923258923,4124021.0433619176
302602.2995299768,4124021.092951946
302602.3067340612,4124021.142541974
302602.3139381457,4124021.192132002
302602.3211422302,4124021.2417220306
302602.3283463146,4124021.2913120585
302602.3355503991,4124021.340902087
302602.3427544836,4124021.390492115
302602.349958568,4124021.440082143
302602.3571626525,4124021.4896721714
302602.36436673696,4124021.5392622
302602.3715708214,4124021.5888522277
302602.37877490587,4124021.638442256
302602.38597899035,4124021.6880322844
302602.3931830748,4124021.7376223127
302602.40038715926,4124021.787212341
302602.40759124374,4124021.836802369
302602.41479532816,4124021.8863923973
302602.4219994126,4124021.9359824257
302602.4292034971,4124021.9855724536
302602.43640758155,4124022.035162482
302602.443611666,4124022.0847525103
302602.45081575046,4124022.134342538
302602.45801983494,4124022.1839325665
302602.46522391937,4124022.233522595
302602.47242800385,4124022.283112623
302602.47963208833,4124022.332702651
302602.48683617276,4124022.3822926795
302602.49404025724,4124022.4318827074
302602.5012443417,4124022.4814727358
302602.50844842615,4124022.531062764
302602.5156525106,4124022.580652792
302602.5228565951,4124022.6302428204
302602.53006067954,4124022.6798328487
302602.537264764,4124022.7294228766
302602.5444688485,4124022.779012905
302602.5516729329,4124022.8286029333
302602.5588770174,4124022.878192961
302602.5660811019,4124022.927782989
302602.5732851863,4124022.9773730175
302602.5804892708,4124023.026963046
302602.5876933553,4124023.0765530737
302602.5948974397,4124023.126143102
302602.6021015242,4124023.1757331304
302602.60930560867,4124023.2253231583
302602.6165096931,4124023.2749131867
302602.6237137776,4124023.324503215
302602.63091786206,4124023.374093243
302602.6381219465,4124023.4236832713
302602.64532603096,4124023.4732732996
302602.65253011545,4124023.5228633275
302602.6597341999,4124023.572453356
302602.66693828435,4124023.6220433842
302602.67414236884,4124023.671633412
302602.68134645326,4124023.7212234405
302602.68855053774,4124023.770813469
302602.6957546222,4124023.820403497
302602.70295870665,4124023.8699935256
302602.71016279113,4124023.9195835534
302602.7173668756,4124023.969173582
302602.72457096004,4124024.01876361
302602.73177504446,4124024.068353638
302602.73897912895,4124024.1179436664
302602.7461832134,4124024.1675336948
302602.75338729785,4124024.2171237227
302602.76059138234,4124024.266713751
302602.7677954668,4124024.3163037794
302602.77499955124,4124024.3658938073
302602.7822036357,4124024.4154838356
302602.7894077202,4124024.465073864
302602.79661180463,4124024.514663892
302602.8038158891,4124024.56425392
302602.8110199736,4124024.6138439486
302602.818224058,4124024.6634339765
302602.8254281425,4124024.713024005
302602.832632227,4124024.762614033
302602.8398363114,4124024.812204061
302602.8470403959,4124024.8617940894
302602.8542444804,4124024.911384118
302602.8614485648,4124024.9609741457
302602.8686526493,4124025.010564174
302602.87585673376,4124025.0601542024
302602.8830608182,4124025.1097442303
302602.8902649027,4124025.1593342586
302602.89746898715,4124025.208924287
302602.9046730716,4124025.258514315
302602.91187715606,4124025.3081043432
302602.91908124054,4124025.3576943716
302602.92628532497,4124025.4072843995
302602.93348940945,4124025.456874428
302602.94069349393,4124025.506464456
302602.94789757836,4124025.556054484
302602.95510166284,4124025.6056445125
302602.9623057473,4124025.655234541
302602.96950983175,4124025.7048245687
302602.9767139162,4124025.754414597
302602.9839180007,4124025.8040046254
302602.99112208514,4124025.8535946533
302602.9983261696,4124025.9031846817
302603.0055302541,4124025.95277471
302603.0127343385,4124026.002364738
302603.019938423,4124026.0519547663
302603.0271425075,4124026.1015447946
302603.0343465919,4124026.1511348225
302603.0415506764,4124026.200724851
302603.0487547609,4124026.250314879
302603.0559588453,4124026.2999049076
302603.0631629297,4124026.349494936
302603.0703670142,4124026.399084964
302603.0775710987,4124026.448674992
302603.0847751831,4124026.4982650205
302603.0919792676,4124026.5478550484
302603.0991833521,4124026.597445077
302603.1063874365,4124026.647035105
302603.113591521,4124026.696625133
302603.1207956055,4124026.7462151614
302603.1279996899,4124026.7958051898
302603.1352037744,4124026.8453952176
302603.14240785886,4124026.894985246
302603.1496119433,4124026.9445752744
302603.15681602777,4124026.9941653023
302603.16402011225,4124027.0437553306
302603.1712241967,4124027.093345359
302603.17842828116,4124027.142935387
302603.18563236564,4124027.192525415
302603.19283645006,4124027.2421154436
302603.20004053455,4124027.2917054715
302603.207244619,4124027.3412954994
302603.21444870345,4124027.3908855277
302603.22165278794,4124027.440475556
302603.2288568724,4124027.490065584
302603.23606095684,4124027.5396556123
302603.2432650413,4124027.5892456407
302603.2504691258,4124027.6388356686
302603.25767321023,4124027.688425697
302603.2648772947,4124027.7380157253
302603.2720813792,4124027.787605753
302603.2792854636,4124027.8371957815
302603.2864895481,4124027.88678581
302603.2936936326,4124027.936375838
302603.300897717,4124027.985965866
302603.3081018015,4124028.0355558945
302603.315305886,4124028.0851459224
302603.3225099704,4124028.1347359507
302603.3297140549,4124028.184325979
302603.33691813936,4124028.233916007
302603.3441222238,4124028.2835060353
302603.3513263083,4124028.3330960637
302603.35853039275,4124028.382686092
302603.3657344772,4124028.4322761204
302603.3729385616,4124028.4818661483
302603.3801426461,4124028.5314561767
302603.38734673057,4124028.581046205
302603.394550815,4124028.630636233
302603.4017548995,4124028.6802262613
302603.40895898396,4124028.7298162896
302603.4161630684,4124028.7794063175
302603.42336715286,4124028.828996346
302603.43057123735,4124028.878586374
302603.43777532177,4124028.928176402
302603.44497940625,4124028.9777664305
302603.45218349074,4124029.027356459
302603.45938757516,4124029.0769464867
302603.46659165964,4124029.126536515
302603.4737957441,4124029.1761265434
302603.48099982855,4124029.2257165713
302603.48820391303,4124029.2753065997
302603.4954079975,4124029.324896628
302603.50261208194,4124029.374486656
302603.5098161664,4124029.4240766843
302603.5170202509,4124029.4736667126
302603.5242243353,4124029.5232567405
302603.5314284198,4124029.572846769
302603.5386325043,4124029.6224367972
302603.5458365887,4124029.672026825
302603.5530406732,4124029.7216168535
302603.5602447577,4124029.771206882
302603.5674488421,4124029.8207969097
302603.5746529266,4124029.870386938
302603.5818570111,4124029.9199769665
302603.5890610955,4124029.9695669943
302603.59626518,4124030.0191570227
302603.60346926446,4124030.068747051
302603.6106733489,4124030.118337079
302603.61787743337,4124030.1679271073
302603.62508151785,4124030.2175171357
302603.6322856023,4124030.2671071636
302603.63948968676,4124030.316697192
302603.64669377124,4124030.3662872203
302603.65389785566,4124030.415877248
302603.66110194015,4124030.4654672765
302603.6683060246,4124030.515057305
302603.67551010905,4124030.5646473328
302603.6827141935,4124030.614237361
302603.68991827796,4124030.6638273895
302603.69712236244,4124030.7134174174
302603.70432644687,4124030.7630074457
302603.71153053135,4124030.812597474
302603.71873461583,4124030.8621875024
302603.72593870026,4124030.911777531
302603.73314278474,4124030.9613675587
302603.7403468692,4124031.010957587
302603.74755095365,4124031.0605476154
302603.7547550381,4124031.1101376433
302603.7619591226,4124031.1597276716
302603.76916320703,4124031.2093177
302603.7763672915,4124031.258907728
302603.783571376,4124031.3084977563
302603.7907754604,4124031.3580877846
302603.7979795449,4124031.4076778125
302603.8051836294,4124031.457267841
302603.8123877138,4124031.506857869
302603.8195917983,4124031.556447897
302603.8267958828,4124031.6060379255
302603.8339999672,4124031.655627954
302603.8412040517,4124031.7052179817
302603.84840813617,4124031.7548080096
302603.8556122206,4124031.804398038
302603.8628163051,4124031.8539880663
302603.87002038956,4124031.903578094
302603.877224474,4124031.9531681226
302603.88442855846,4124032.002758151
302603.89163264295,4124032.052348179
302603.89883672737,4124032.101938207
302603.90604081185,4124032.1515282355
302603.91324489634,4124032.2011182634
302603.92044898076,4124032.250708292
302603.92765306524,4124032.30029832
302603.9348571497,4124032.349888348
302603.94206123415,4124032.3994783764
302603.94926531863,4124032.4490684047
302603.9564694031,4124032.4986584326
302603.96367348754,4124032.548248461
302603.970877572,4124032.5978384893
302603.9780816565,4124032.647428517
302603.9852857409,4124032.6970185456
302603.9924898254,4124032.746608574
302603.9996939099,4124032.796198602
302604.0068979943,4124032.84578863
302604.01410207874,4124032.8953786585
302604.0213061632,4124032.944968687
302604.0285102477,4124032.9945587153
302604.03571433213,4124033.044148743
302604.0429184166,4124033.0937387715
302604.0501225011,4124033.1433288
302604.0573265855,4124033.1929188278
302604.06453067,4124033.242508856
302604.0717347545,4124033.2920988845
302604.0789388389,4124033.3416889124
302604.0861429234,4124033.3912789407
302604.0933470079,4124033.440868969
302604.1005510923,4124033.490458997
302604.1077551768,4124033.5400490253
302604.11495926126,4124033.5896390537
302604.1221633457,4124033.6392290816
302604.12936743017,4124033.68881911
302604.13657151465,4124033.7384091383
302604.1437755991,4124033.787999166
302604.15097968356,4124033.8375891945
302604.15818376804,4124033.887179223
302604.16538785247,4124033.936769251
302604.17259193695,4124033.986359279
302604.17979602143,4124034.0359493075
302604.18700010586,4124034.0855393354
302604.19420419034,4124034.1351293637
302604.2014082748,4124034.184719392
302604.20861235925,4124034.23430942
302604.2158164437,4124034.2838994483
302604.2230205282,4124034.3334894767
302604.23022461263,4124034.3830795046
302604.2374286971,4124034.432669533
302604.2446327816,4124034.4822595613
302604.251836866,4124034.531849589
302604.2590409505,4124034.5814396176
302604.266245035,4124034.631029646
302604.2734491194,4124034.680619674
302604.2806532039,4124034.730209702
302604.2878572884,4124034.7797997305
302604.2950613728,4124034.8293897584
302604.3022654573,4124034.8789797868
302604.30946954177,4124034.928569815
302604.3166736262,4124034.978159843
302604.3238777106,4124035.027749871
302604.3310817951,4124035.0773398993
302604.3382858796,4124035.1269299276
302604.345489964,4124035.176519956
302604.3526940485,4124035.2261099843
302604.35989813297,4124035.275700012
302604.3671022174,4124035.3252900406
302604.3743063019,4124035.374880069
302604.38151038636,4124035.4244700973
302604.3887144708,4124035.4740601256
302604.39591855527,4124035.5236501535
302604.40312263975,4124035.573240182
302604.4103267242,4124035.6228302103
302604.41753080866,4124035.672420238
302604.42473489314,4124035.7220102665
302604.43193897756,4124035.771600295
302604.43914306205,4124035.8211903227
302604.4463471465,4124035.870780351
302604.45355123095,4124035.9203703795
302604.46075531543,4124035.9699604074
302604.4679593999,4124036.0195504357
302604.47516348434,4124036.069140464
302604.4823675688,4124036.118730492
302604.4895716533,4124036.16832052
302604.49677573773,4124036.217910548
302604.5039798222,4124036.2675005766
302604.5111839067,4124036.3170906045
302604.5183879911,4124036.366680633
302604.5255920756,4124036.416270661
302604.5327961601,4124036.465860689
302604.5400002445,4124036.5154507174
302604.547204329,4124036.565040746
302604.5544084135,4124036.6146307737
302604.5616124979,4124036.664220802
302604.5688165824,4124036.7138108304
302604.57602066686,4124036.7634008583
302604.5832247513,4124036.8129908866
302604.59042883577,4124036.862580915
302604.59763292025,4124036.912170943
302604.6048370047,4124036.961760971
302604.61204108916,4124037.0113509996
302604.61924517364,4124037.0609410275
302604.62644925807,4124037.110531056
302604.63365334255,4124037.160121084
302604.64085742703,4124037.209711112
302604.64806151146,4124037.2593011404
302604.6552655959,4124037.308891169
302604.66246968036,4124037.3584811967
302604.66967376485,4124037.408071225
302604.67687784927,4124037.4576612534
302604.68408193375,4124037.5072512818
302604.69128601823,4124037.55684131
302604.69849010266,4124037.606431338
302604.70569418714,4124037.6560213664
302604.7128982716,4124037.7056113947
302604.72010235605,4124037.7552014226
302604.72730644053,4124037.804791451
302604.734510525,4124037.8543814793
302604.74171460944,4124037.903971507
302604.7489186939,4124037.9535615356
302604.7561227784,4124038.003151564
302604.7633268628,4124038.052741592
302604.7705309473,4124038.10233162
302604.7777350318,4124038.1519216485
302604.7849391162,4124038.2015116764
302604.7921432007,4124038.251101705
302604.7993472852,4124038.300691733
302604.8065513696,4124038.350281761
302604.8137554541,4124038.3998717894
302604.82095953857,4124038.4494618177
302604.828163623,4124038.4990518456
302604.8353677075,4124038.548641874
302604.84257179196,4124038.5982319023
302604.8497758764,4124038.6478219302
302604.85697996087,4124038.6974119586
302604.86418404535,4124038.747001987
302604.8713881298,4124038.796592015
302604.87859221426,4124038.846182043
302604.88579629874,4124038.8957720716
302604.89300038316,4124038.9453620994
302604.90020446765,4124038.994952128
302604.9074085521,4124039.044542156
302604.91461263655,4124039.094132184
302604.921816721,4124039.1437222124
302604.9290208054,4124039.1933122408
302604.9362248898,4124039.2429022696
302604.9434289742,4124039.292492299
302604.95063305856,4124039.342082328
302604.95783714287,4124039.391672358
302604.9650412271,4124039.441262388
302604.97224531136,4124039.4908524184
302604.97944939556,4124039.540442449
302604.9866534797,4124039.59003248
302604.9938575638,4124039.6396225113
302605.0010616479,4124039.689212543
302605.008265732,4124039.738802575
302605.015469816,4124039.7883926085
302605.02267389983,4124039.837982643
302605.0298779835,4124039.8875726787
302605.037082067,4124039.9371627155
302605.0442861503,4124039.9867527536
302605.0514902335,4124040.036342793
302605.05869431654,4124040.085932835
302605.06589839933,4124040.1355228787
302605.0731024818,4124040.185112925
302605.08030656405,4124040.234702973
302605.08751064586,4124040.284293025
302605.09471472725,4124040.3338830806
302605.1019188082,4124040.3834731407
302605.10912288853,4124040.4330632053
302605.1163269683,4124040.482653276
302605.1235310473,4124040.532243352
302605.13073512557,4124040.5818334343
302605.137939203,4124040.631423524
302605.14514327946,4124040.681013623
302605.15234735486,4124040.730603732
302605.15955142886,4124040.780193853
302605.1667555015,4124040.8297839863
302605.1739595724,4124040.879374135
302605.1811636414,4124040.9289642996
302605.18836770824,4124040.9785544835
302605.1955717726,4124041.0281446893
302605.2027758342,4124041.077734919
302605.2099798925,4124041.1273251767
302605.21718394704,4124041.176915467
302605.2243879974,4124041.2265057936
302605.23159204295,4124041.276096163
302605.2387960831,4124041.325686581
302605.246000117,4124041.3752770536
302605.25320414366,4124041.424867589
302605.2604081622,4124041.4744581953
302605.2676121714,4124041.5240488825
302605.27481616987,4124041.573639661
302605.2820201562,4124041.623230545
302605.2892241287,4124041.6728215483
302605.29642808554,4124041.7224126887
302605.30363202444,4124041.772003984
302605.31083594286,4124041.8215954574
302605.318039838,4124041.8711871332
302605.3252437065,4124041.9207790405
302605.3324475447,4124041.970371211
302605.3396513484,4124042.0199636808
302605.34685511276,4124042.0695564914
302605.3540588322,4124042.119149691
302605.3612625005,4124042.1687433333
302605.36846611067,4124042.2183374795
302605.3756696543,4124042.2679322
302605.3828731223,4124042.3175275754
302605.3900765042,4124042.3671236965
302605.39727978787,4124042.416720668
302605.4044829596,4124042.4663186073
302605.4116860038,4124042.5159176504
302605.41888890264,4124042.5655179503
302605.4260916359,4124042.6151196826
302605.4332941805,4124042.664723047
302605.44049651007,4124042.7143282713
302605.44769859477,4124042.7639356144
302605.45490040036,4124042.8135453705
302605.462101888,4124042.8631578763
302605.46930301347,4124042.912773515
302605.4765037261,4124042.9623927237
302605.48370396835,4124043.012015999
302605.49090367474,4124043.0616439073
302605.49810277065,4124043.1112770946
302605.50530117104,4124043.160916296
302605.5124987788,4124043.2105623493
302605.51969548356,4124043.2602162096
302605.52689115965,4124043.3098789635
302605.53408566356,4124043.3595518516
302605.54127883207,4124043.409236285
302605.5484704791,4124043.458933873
302605.5556603926,4124043.5086464477
302605.56284833106,4124043.558376097
302605.5700340193,4124043.6081251996
302605.57721714384,4124043.657896465
302605.5843973474,4124043.7076929817
302605.59157422313,4124043.7575182677
302605.5987473074,4124043.807376331
302605.60591607186,4124043.8572717393
302605.6130799147,4124043.907209694
302605.62023815024,4124043.9571961225
302605.62738999724,4124044.007237779
302605.6345345657,4124044.0573423575
302605.6416708414,4124044.1075186236
302605.6487976691,4124044.157776566
302605.6559137325,4124044.2081275643
302605.66301753186,4124044.2585845827
302605.6701073585,4124044.3091623923
302605.67718126567,4124044.35987782
302605.6842370355,4124044.410750041
302605.6912721411,4124044.461800899
302605.69828370353,4124044.5130552817
302605.7052684425,4124044.564541546
302605.7122226212,4124044.6162919975
302605.71914198186,4124044.6683434425
302605.7260216734,4124044.7207378163
302605.73285616917,4124044.7735228958
302605.73963917245,4124044.8267531157
302605.7463635091,4124044.880490494
302605.7530210056,4124044.934805689
302605.7596023497,4124044.9897792027
302605.7660969318,4124045.0455027535
302605.77249266393,4124045.1020808388
302605.7787757742,4124045.1596325138
302605.78493057174,4124045.2182934205
302605.7909391799,4124045.2782181003
302605.7967812313,4124045.3395826244
302605.80243352096,4124045.402587595
302605.80786961084,4124045.467461562
302605.8130593794,4124045.5344649176
302605.8179685088,4124045.603894335
302605.82255789975,4124045.6760878167
302605.82678300573,4124045.751430459
302605.8305930737,4124045.8303610096
302605.83403441566,4124045.91139692
302605.83710342593,4124045.9931650963
302605.8398009462,4124046.074228779
302605.84218411735,4124046.1531221657
302605.8442433837,4124046.2285203408
302605.8460183538,4124046.300850717
302605.8475437929,4124046.3704884406
302605.84885021497,4124046.4377627824
302605.84996440244,4124046.502962749
302605.8509098627,4124046.566342006
302605.8517072287,4124046.628123199
302605.85237461,4124046.6885017473
302605.8529279019,4124046.7476491733
302605.8533810558,4124046.805716025
302605.85374631704,4124046.862834441
302605.8540344336,4124046.9191204
302605.8542548391,4124046.974675699
302605.85441581364,4124047.0295896875
302605.8545246247,4124047.0839407877
302605.85458765115,4124047.1377978325
302605.8546104917,4124047.1912212386
302605.8545980605,4124047.244264032
302605.85455467075,4124047.2969727563
302605.8544841082,4124047.3493882627
302605.8543896958,4124047.401546408
302605.8542743499,4124047.4534786628
302605.8541406305,4124047.5052126506
302605.8539907842,4124047.5567726167
302605.85382678325,4124047.6081798417
302605.85365035845,4124047.6594530023
302605.85346302914,4124047.7106084926
302605.85326612875,4124047.7616607025
302605.85306082777,4124047.8126222612
302605.8528481534,4124047.8635042543
302605.8526290073,4124047.914316411
302605.8524041809,4124047.9650672716
302605.85217436886,4124048.015764331
302605.85194018076,4124048.0664141695
302605.85170215176,4124048.1170225604
302605.85146075155,4124048.167594572
302605.85121639253,4124048.2181346538
302605.8509694364,4124048.268646709
302605.85072020086,4124048.3191341665
302605.85046896455,4124048.369600033
302605.8502159722,4124048.4200469493
302605.8499614386,4124048.4704772322
302605.8497055522,4124048.5208929162
302605.84944847843,4124048.5712957866
302605.8491903625,4124048.62168741
302605.8489313318,4124048.6720691617
302605.84867149824,4124048.7224422493
302605.8484109601,4124048.7728077318
302605.8481498035,4124048.823166539
302605.84788810415,4124048.873519487
302605.84762592835,4124048.9238672927
302605.84736333444,4124048.9742105855
302605.84710037353,4124049.0245499164
302605.84683709044,4124049.07488577
302605.84657352464,4124049.1252185726
302605.84630971064,4124049.175548696
302605.8460456789,4124049.2258764682
302605.845781456,4124049.276202177
302605.8455170654,4124049.3265260747
302605.8452525276,4124049.376848383
302605.8449878606,4124049.4271692964
302605.8447230801,4124049.4774889858
302605.84445820015,4124049.5278076
302605.8441932328,4124049.57812527
302605.8439281889,4124049.628442112
302605.8436630777,4124049.6787582273
302605.84339790745,4124049.729073704
302605.84313268546,4124049.779388621
302605.842867418,4124049.8297030465
302605.84260211064,4124049.8800170408
302605.84233676834,4124049.9303306574
302605.84207139525,4124049.980643942
302605.84180599527,4124050.030956935
302605.8415405716,4124050.081269673
302605.8412751271,4124050.131582186
302605.84100966435,4124050.1818945017
302605.8407441857,4124050.2322066445
302605.840478693,4124050.282518636
302605.840213188,4124050.3328304943
302605.8399476722,4124050.383142235
302605.8396821471,4124050.4334538737
302605.83941661357,4124050.4837654224
302605.8391510727,4124050.5340768923
302605.8388855255,4124050.584388293
302605.83861997264,4124050.6346996333
302605.83835441497,4124050.6850109203
302605.83808885305,4124050.73532216
302605.83782328735,4124050.785633359
302605.8375577184,4124050.835944522
302605.83729214664,4124050.886255653
302605.83702657226,4124050.936566757
302605.8367609956,4124050.9868778368
302605.83649541694,4124051.037188894
302605.83622983657,4124051.087499933
302605.83596425474,4124051.1378109558
302605.83569867164,4124051.188121964
302605.8354330873,4124051.23843296
302605.835167502,4124051.2887439444
302605.83490191586,4124051.3390549193
302605.834636329,4124051.3893658854
302605.83437074133,4124051.4396768436
302605.83410515304,4124051.489987796
302605.8338395641,4124051.5402987427
302605.8335739747,4124051.590609685
302605.8333083849,4124051.6409206223
302605.8330427947,4124051.6912315553
302605.8327772043,4124051.741542484
302605.8325116136,4124051.7918534097
302605.83224602265,4124051.842164332
302605.8319804314,4124051.892475252
302605.83171483997,4124051.94278617
302605.8314492484,4124051.993097086
302605.8311836567,4124052.0434080004
302605.83091806486,4124052.093718914
302605.83065247285,4124052.144029826
302605.8303868808,4124052.194340737
302605.83012128866,4124052.244651647
302605.8298556965,4124052.294962555
302605.8295901043,4124052.3452734635
302605.82932451204,4124052.395584372
302605.82905891974,4124052.4458952798
302605.82879332744,4124052.496206187
302605.8285277351,4124052.5465170946
302605.82826214266,4124052.5968280016
302605.82799655024,4124052.6471389085
302605.82773095777,4124052.697449815
302605.8274653653,4124052.7477607215
302605.82719977276,4124052.7980716275
302605.8269341802,4124052.8483825335
302605.82666858763,4124052.898693439
302605.82640299504,4124052.9490043446
302605.8261374025,4124052.9993152497
302605.82587180997,4124053.049626155
302605.8256062174,4124053.0999370595
302605.82534062484,4124053.150247964
302605.8250750323,4124053.2005588687
302605.8248094397,4124053.2508697733
302605.8245438471,4124053.3011806784
302605.8242782546,4124053.351491584
302605.82401266205,4124053.4018024895
302605.82374706946,4124053.452113395
302605.82348147687,4124053.5024243006
302605.82321588433,4124053.552735206
302605.8229502918,4124053.6030461118
302605.8226846992,4124053.653357017
302605.8224191066,4124053.703667922
302605.8221535141,4124053.7539788266
302605.82188792154,4124053.804289731
302605.82162232895,4124053.854600636
302605.8213567364,4124053.9049115404
302605.8210911439,4124053.9552224455
302605.8208255513,4124054.005533351
302605.8205599587,4124054.0558442567
302605.82029436616,4124054.106155162
302605.8200287736,4124054.156466068
302605.81976318103,4124054.2067769733
302605.81949758844,4124054.257087879
302605.8192319959,4124054.307398784
302605.81896640337,4124054.357709689
302605.8187008108,4124054.4080205937
302605.81843521824,4124054.4583314983
302605.8181696257,4124054.508642403
302605.8179040331,4124054.5589533076
302605.8176384405,4124054.6092642127
302605.817372848,4124054.659575118
302605.81710725545,4124054.709886024
302605.81684166286,4124054.7601969293
302605.81657607027,4124054.810507835
302605.81631047773,4124054.86081874
302605.8160448852,4124054.911129645
302605.8157792926,4124054.9614405497
302605.8155137001,4124055.0117514543
302605.81524810754,4124055.062062359
302605.81498251494,4124055.1123732636
302605.81471692235,4124055.1626841687
302605.8144513298,4124055.2129950738
302605.8141857373,4124055.2633059793
302605.8139201447,4124055.313616885
302605.8136545521,4124055.363927791
302605.81338895956,4124055.4142386965
302605.813123367,4124055.464549602
302605.81285777444,4124055.514860507
302605.81259218184,4124055.565171412
302605.8123265893,4124055.615482317
302605.8120609968,4124055.6657932214
