302453.94811880076,4123699.4084585775
302453.9669063133,4123699.4524251707
302453.99456532445,4123699.496182988
302454.0133528343,4123699.5401495816
302454.041011845,4123699.583907398
302454.06867085537,4123699.627665216
302454.0874583669,4123699.6716318093
302454.1151173767,4123699.715389627
302454.14277638635,4123699.759147444
302454.161563895,4123699.803114039
302454.18922290637,4123699.8468718557
302454.2080104124,4123699.8908384494
302454.23566942324,4123699.9345962666
302454.2633284316,4123699.9783540857
302454.2821159392,4123700.022320679
302454.3097749492,4123700.0660784966
302454.3285624564,4123700.1100450903
302454.35622146376,4123700.1538029085
302454.3838804709,4123700.197560727
302454.4026679774,4123700.2415273204
302454.43032698403,4123700.28528514
302454.4491144924,4123700.329251734
302454.47677349846,4123700.373009553
302454.5044325043,4123700.4167673704
302454.5232200121,4123700.4607339655
302454.55087901733,4123700.504491785
302454.57853802235,4123700.5482496037
302454.5973255272,4123700.592216198
302454.6249845318,4123700.6359740174
302454.6437720385,4123700.6799406116
302454.67143104255,4123700.7236984298
302454.69909004634,4123700.7674562493
302454.71787755017,4123700.811422845
302454.74553655565,4123700.8551806635
302454.76432405686,4123700.8991472586
302454.79172193573,4123700.931809041
302454.8193809383,4123700.9755668603
302454.83816844114,4123701.019533456
302454.8658274454,4123701.063291276
302454.88461494783,4123701.10725787
302454.91227394936,4123701.1510156896
302454.93993295054,4123701.1947735106
302454.9587204524,4123701.2387401047
302454.9863794531,4123701.2824979243
302455.0140384558,4123701.3262557457
302455.03282595694,4123701.3702223403
302455.06048495695,4123701.4139801604
302455.07927245996,4123701.4579467564
302455.1069314594,4123701.5017045764
302455.1345904586,4123701.5454623965
302455.1533779588,4123701.5894289925
302455.1810369574,4123701.633186813
302455.19982445944,4123701.677153408
302455.22748345765,4123701.7209112295
302455.2551424556,4123701.764669051
302455.2739299546,4123701.8086356465
302455.3015889543,4123701.852393467
302455.320376453,4123701.8963600635
302455.3480354499,4123701.940117883
302455.37569444656,4123701.9838757045
302455.3944819446,4123702.027842301
302455.422140943,4123702.0716001224
302455.4497999388,4123702.1153579443
302455.4685874363,4123702.15932454
302455.4962464317,4123702.2030823617
302455.5150339287,4123702.2470489577
302455.54269292584,4123702.29080678
302455.57035192044,4123702.334564601
302455.5891394168,4123702.378531197
302455.6167984109,4123702.42228902
302455.6355859092,4123702.466255617
302455.6632449028,4123702.510013438
302455.6909038961,4123702.55377126
302455.70969139144,4123702.5977378576
302455.73735038424,4123702.641495678
302455.7561378815,4123702.6854622755
302455.78379687376,4123702.729220098
302455.81145586586,4123702.7729779193
302455.83024336246,4123702.8169445177
302455.857902354,4123702.86070234
302455.88556134526,4123702.9044601643
302455.90434883896,4123702.9484267607
302455.9320078298,4123702.9921845826
302455.950795323,4123703.0361511805
302455.97845431557,4123703.079909003
302456.0061133055,4123703.123666826
302456.0249007982,4123703.1676334236
302456.05255978997,4123703.2113912473
302456.07134728,4123703.255357844
302456.0990062713,4123703.299115668
302456.12666525994,4123703.3428734904
302456.14545275155,4123703.3868400883
302456.1731117421,4123703.430597912
302456.19189923326,4123703.4745645095
302456.219558221,4123703.518322333
302456.2472172084,4123703.562080157
302456.26600469905,4123703.606046755
302456.29366368597,4123703.6498045777
302456.3213226749,4123703.6935624024
302456.3401101649,4123703.7375290007
302456.367769151,4123703.781286824
302456.3865566429,4123703.825253423
302456.4142156285,4123703.869011247
302456.4418746139,4123703.912769071
302456.4606621029,4123703.956735669
302456.4883210878,4123704.000493494
302456.50684745447,4123704.0333640547
302456.534506439,4123704.0771218785
302456.56216542306,4123704.120879704
302456.58095291106,4123704.164846303
302456.6086118969,4123704.2086041267
302456.6273993822,4123704.252570726
302456.6550583676,4123704.2963285516
302456.6827173505,4123704.340086376
302456.7015048373,4123704.3840529746
302456.729163822,4123704.4278108003
302456.75682280416,4123704.4715686245
302456.77561029035,4123704.515535223
302456.803269272,4123704.5592930485
302456.82205675775,4123704.6032596473
302456.8497157389,4123704.6470174734
302456.87737472204,4123704.690775299
302456.8961622072,4123704.734741898
302456.9238211876,4123704.778499724
302456.94260867464,4123704.8224663227
302456.9702676545,4123704.866224149
302456.99792663404,4123704.9099819744
302457.01671411825,4123704.953948574
302457.04437309725,4123704.9977063998
302457.0631605834,4123705.0416729995
302457.09081956185,4123705.0854308256
302457.11847854016,4123705.129188652
302457.1372660233,4123705.173155251
302457.16492500337,4123705.216913078
302457.19258398085,4123705.2606709036
302457.2113714634,4123705.304637503
302457.23903044045,4123705.348395331
302457.2578179225,4123705.3923619315
302457.28547690134,4123705.436119758
302457.3131358776,4123705.479877584
302457.331923359,4123705.5238441853
302457.3595823348,4123705.5676020123
302457.3783698159,4123705.6115686116
302457.4060287933,4123705.6553264386
302457.4336877683,4123705.6990842666
302457.4524752487,4123705.743050866
302457.48013422324,4123705.7868086933
302457.5077931997,4123705.8305665213
302457.52658067946,4123705.874533122
302457.55423965317,4123705.9182909485
302457.5730271326,4123705.9622575487
302457.60068610584,4123706.0060153767
302457.628345081,4123706.049773204
302457.64713255974,4123706.093739805
302457.6747915321,4123706.137497633
302457.6935790105,4123706.181464233
302457.7212379847,4123706.225222062
302457.7488969564,4123706.2689798903
302457.7676844341,4123706.312946491
302457.7953434052,4123706.3567043194
302457.8141308826,4123706.40067092
302457.8417898555,4123706.444428748
302457.86944882583,4123706.4881865773
302457.8882363026,4123706.5321531785
302457.9158952747,4123706.5759110064
302457.9435542443,4123706.619668835
302457.9623417204,4123706.6636354364
302457.9900006895,4123706.7073932644
302458.00878816517,4123706.751359866
302458.03644713375,4123706.7951176954
302458.0641061044,4123706.838875524
302458.0828935794,4123706.8828421254
302458.1105525472,4123706.9265999557
302458.1293400219,4123706.9705665563
302458.1569989892,4123707.014324386
302458.18465795845,4123707.058082215
302458.2034454325,4123707.102048817
302458.23084327695,4123707.1347106085
302458.24963075283,4123707.1786772106
302458.277289719,4123707.222435041
302458.30494868476,4123707.2661928707
302458.32373615773,4123707.3101594723
302458.35139512306,4123707.3539173035
302458.3790540881,4123707.397675133
302458.39784156275,4123707.4416417344
302458.42550052726,4123707.4853995643
302458.4442879992,4123707.5293661673
302458.4719469655,4123707.573123997
302458.49960592936,4123707.6168818283
302458.5183934006,4123707.66084843
302458.5460523638,4123707.704606261
302458.56483983475,4123707.748572864
302458.5924987998,4123707.7923306935
302458.6201577623,4123707.836088525
302458.6389452326,4123707.8800551267
302458.6666041946,4123707.9238129575
302458.6853916644,4123707.967779561
302458.713050626,4123708.011537391
302458.74070958945,4123708.055295223
302458.7594970587,4123708.099261826
302458.7871560194,4123708.143019657
302458.8148149821,4123708.186777488
302458.83360245073,4123708.2307440913
302458.86126141064,4123708.2745019216
302458.88004887884,4123708.318468525
302458.90770783834,4123708.362226357
302458.9353667975,4123708.4059841884
302458.9541542673,4123708.449950792
302458.981813226,4123708.4937086236
302459.00060069317,4123708.537675226
302459.0282596536,4123708.581433058
302459.0559186116,4123708.625190891
302459.07470607804,4123708.669157493
302459.10236503545,4123708.7129153255
302459.1211525016,4123708.7568819295
302459.1488114608,4123708.8006397607
302459.1764704174,4123708.8443975947
302459.19525788294,4123708.8883641977
302459.22291683906,4123708.932122031
302459.25057579717,4123708.975879863
302459.269363262,4123709.0198464664
302459.2970222174,4123709.0636042994
302459.31580968184,4123709.107570903
302459.3434686367,4123709.1513287365
302459.37112759356,4123709.1950865686
302459.38991505734,4123709.2390531725
302459.41757401143,4123709.282811006
302459.43636147486,4123709.3267776105
302459.4640204285,4123709.3705354426
302459.4916793841,4123709.414293276
302459.51046684687,4123709.458259881
302459.5381257997,4123709.5020177136
302459.55691326206,4123709.5459843185
302459.5845722166,4123709.589742152
302459.61223116866,4123709.6334999865
302459.6310186304,4123709.6774665895
302459.65867758193,4123709.721224425
302459.6863365333,4123709.764982258
302459.7051239966,4123709.808948863
302459.73278294737,4123709.852706696
302459.7515704081,4123709.8966733012
302459.7792293584,4123709.9404311343
302459.80688831065,4123709.9841889697
302459.82567577076,4123710.0281555746
302459.85333472025,4123710.0719134095
302459.87212217983,4123710.1158800134
302459.8997811289,4123710.1596378484
302459.92744007986,4123710.203395683
302459.94622753887,4123710.2473622877
302459.97362536716,4123710.280024086
302459.9924128258,4123710.323990692
302460.02007177356,4123710.3677485273
302460.0477307233,4123710.411506361
302460.06651818135,4123710.4554729667
302460.0941771283,4123710.499230802
302460.1218360773,4123710.542988636
302460.1406235347,4123710.586955242
302460.1682824809,4123710.630713078
302460.18706993794,4123710.674679683
302460.2147288837,4123710.7184375185
302460.2423878291,4123710.762195355
302460.26117528765,4123710.80616196
302460.2888342326,4123710.849919795
302460.3076216886,4123710.8938864013
302460.3352806353,4123710.937644237
302460.3629395794,4123710.981402073
302460.3817270348,4123711.0253686793
302460.4093859785,4123711.0691265143
302460.4281734334,4123711.1130931205
302460.4558323788,4123711.156850957
302460.4834913217,4123711.2006087922
302460.502278776,4123711.2445754
302460.5299377184,4123711.2883332362
302460.5575966628,4123711.3320910716
302460.5763841141,4123711.3760576784
302460.604043058,4123711.4198155156
302460.6228305113,4123711.463782121
302460.6504894524,4123711.507539958
302460.6781483955,4123711.551297796
302460.69693584816,4123711.5952644018
302460.7245947885,4123711.6390222386
302460.74338224076,4123711.6829888453
302460.7710411805,4123711.7267466825
302460.79870012007,4123711.7705045193
302460.81748757395,4123711.814471126
302460.845146513,4123711.858228963
302460.87280545186,4123711.9019868006
302460.89159290504,4123711.9459534073
302460.91925184336,4123711.989711245
302460.9380392939,4123712.0336778527
302460.9656982317,4123712.0774356904
302460.9933571692,4123712.121193528
302461.01214462146,4123712.165160135
302461.0398035585,4123712.208917973
302461.05859100795,4123712.2528845808
302461.0862499445,4123712.296642419
302461.11390888295,4123712.340400256
302461.1326963296,4123712.384366864
302461.1603552676,4123712.4281247025
302461.1791427161,4123712.4720913093
302461.2068016514,4123712.515849148
302461.2344605886,4123712.559606986
302461.2532480365,4123712.6035735933
302461.28090697096,4123712.647331433
302461.3085659052,4123712.6910892706
302461.3273533524,4123712.7350558783
302461.3550122861,4123712.778813718
302461.37379973516,4123712.822780326
302461.4014586683,4123712.8665381647
302461.42911760125,4123712.9102960033
302461.4479050497,4123712.9542626115
302461.47556398215,4123712.9980204515
302461.49435142794,4123713.041987059
302461.5220103599,4123713.0857448988
302461.5496692915,4123713.129502738
302461.56845673895,4123713.173469345
302461.59611567005,4123713.217227185
302461.6149031148,4123713.2611937933
302461.6425620455,4123713.3049516333
302461.67022097815,4123713.348709473
302461.68874730426,4123713.3815800454
302461.7164062342,4123713.425337886
302461.7440651639,4123713.469095726
302461.7628526073,4123713.5130623337
302461.79051153874,4123713.5568201747
302461.8092989818,4123713.6007867833
302461.83695791045,4123713.644544624
302461.86461683887,4123713.688302463
302461.88340428134,4123713.732269072
302461.9110632114,4123713.7760269125
302461.92985065345,4123713.819993522
302461.9575095809,4123713.863751361
302461.98516850796,4123713.907509203
302462.00395595166,4123713.9514758117
302462.0316148782,4123713.9952336526
302462.0504023193,4123714.039200262
302462.0780612454,4123714.082958103
302462.10572017124,4123714.1267159437
302462.12450761383,4123714.170682553
302462.15216653916,4123714.2144403956
302462.1798254642,4123714.2581982356
302462.1986129063,4123714.302164845
302462.2262718308,4123714.3459226866
302462.2450592701,4123714.389889296
302462.2727181942,4123714.433647137
302462.30037711794,4123714.477404979
302462.31916455895,4123714.5213715895
302462.3468234823,4123714.565129431
302462.3656109206,4123714.6090960405
302462.39326984336,4123714.6528538824
302462.4209287681,4123714.696611725
302462.43971620355,4123714.7405783343
302462.4673751278,4123714.7843361767
302462.48616256507,4123714.8283027876
302462.51382148656,4123714.8720606295
302462.54148041003,4123714.9158184715
302462.5602678467,4123714.959785082
302462.5879267675,4123715.0035429243
302462.6155856879,4123715.047300766
302462.634373124,4123715.0912673767
302462.6620320439,4123715.1350252195
302462.68081948184,4123715.17899183
302462.7084784013,4123715.2227496724
302462.7361373204,4123715.266507515
302462.75492475764,4123715.3104741266
302462.7825836764,4123715.3542319695
302462.80137111095,4123715.39819858
302462.82903002907,4123715.4419564228
302462.85668894707,4123715.485714267
302462.87547638325,4123715.529680877
302462.9031353006,4123715.5734387203
302462.92192273424,4123715.617405332
302462.94958165113,4123715.6611631755
302462.97724057,4123715.7049210193
302462.9960280006,4123715.74888763
302463.0236869191,4123715.792645474
302463.0513458349,4123715.8364033173
302463.0701332672,4123715.8803699287
302463.09779218485,4123715.924127773
302463.1165796167,4123715.968094384
302463.1442385316,4123716.0118522276
302463.17189744615,4123716.0556100723
302463.19068487745,4123716.0995766832
302463.21834379155,4123716.143334528
302463.2371312246,4123716.1873011403
302463.26479013823,4123716.2310589845
302463.2924490515,4123716.2748168292
302463.311236484,4123716.3187834406
302463.3388953968,4123716.3625412853
302463.35768282664,4123716.406507897
302463.38534173893,4123716.4502657414
302463.412739535,4123716.4829275506
302463.43152696645,4123716.5268941624
302463.45918587805,4123716.570652007
302463.48684478935,4123716.6144098523
302463.50563221786,4123716.658376464
302463.53329113097,4123716.7021343103
302463.5520785591,4123716.7461009226
302463.57973746944,4123716.789858767
302463.60739637946,4123716.8336166134
302463.62618380703,4123716.8775832253
302463.6538427188,4123716.921341071
302463.6726301459,4123716.9653076837
302463.70028905495,4123717.009065529
302463.72794796375,4123717.052823374
302463.7467353902,4123717.0967899873
302463.7743943007,4123717.140547833
302463.7931817268,4123717.1845144466
302463.8208406346,4123717.2282722923
302463.84849954204,4123717.2720301384
302463.8672869698,4123717.315996751
302463.8949458768,4123717.3597545987
302463.92260478344,4123717.403512444
302463.9413922082,4123717.4474790567
302463.9690511145,4123717.4912369037
302463.98783854116,4123717.535203517
302464.0154974469,4123717.578961363
302464.04315635236,4123717.6227192096
302464.0619437761,4123717.6666858224
302464.0896026833,4123717.7104436695
302464.1083901067,4123717.7544102827
302464.13604901114,4123717.7981681298
302464.16370791534,4123717.8419259773
302464.18249534024,4123717.885892591
302464.210154244,4123717.9296504376
302464.2289416663,4123717.9736170513
302464.25660056947,4123718.0173748992
302464.2842594746,4123718.061132746
302464.30304689414,4123718.10509936
302464.3307057988,4123718.1488572084
302464.3583647009,4123718.1926150555
302464.377152122,4123718.236581669
302464.40481102583,4123718.2803395176
302464.4235984465,4123718.3243061304
302464.4512573476,4123718.368063978
302464.4789162485,4123718.411821827
302464.49770366855,4123718.4557884415
302464.52536256885,4123718.4995462885
302464.5441499908,4123718.543512902
302464.5718088907,4123718.5872707516
302464.5994677902,4123718.6310286005
302464.6182552115,4123718.6749952137
302464.64591411053,4123718.718753063
302464.6735730093,4123718.762510912
302464.6923604277,4123718.806477526
302464.720019326,4123718.8502353746
302464.7388067463,4123718.8942019898
302464.7664656441,4123718.937959838
302464.7941245416,4123718.981717687
302464.8129119589,4123719.0256843013
302464.8405708582,4123719.0694421506
302464.85935827286,4123719.113408765
302464.88701717166,4123719.157166615
302464.9146760679,4123719.200924464
302464.9334634842,4123719.244891079
302464.9611223822,4123719.288648929
302464.9799097982,4123719.3326155427
302465.0075686934,4123719.3763733935
302465.0352275884,4123719.4201312438
302465.05401500367,4123719.4640978575
302465.08167389815,4123719.5078557073
302465.1093327947,4123719.551613559
302465.1278590953,4123719.5844841357
302465.1555179891,4123719.628241987
302465.1743054055,4123719.672208602
302465.2019642988,4123719.715966452
302465.22962319176,4123719.7597243027
302465.24841060536,4123719.8036909183
302465.27606949786,4123719.8474487686
302465.2948569133,4123719.8914153846
302465.32251580525,4123719.935173235
302465.35017469694,4123719.9789310866
302465.36896210955,4123720.022897702
302465.396621003,4123720.0666555515
302465.4154084129,4123720.110622169
302465.44306730595,4123720.1543800193
302465.4707261963,4123720.19813787
302465.4895136078,4123720.2421044847
302465.5171725,4123720.285862337
302465.54483138974,4123720.329620188
302465.5636188006,4123720.3735868037
302465.5912776898,4123720.417344656
302465.61006510025,4123720.461311272
302465.6377239912,4123720.5050691236
302465.66538287955,4123720.548826975
302465.68417028943,4123720.5927935913
302465.71182917734,4123720.6365514426
302465.7306165891,4123720.6805180595
302465.7582754764,4123720.7242759108
302465.7859343635,4123720.768033764
302465.80472177244,4123720.81200038
302465.83238065895,4123720.8557582316
302465.85116806964,4123720.8997248486
302465.8788269558,4123720.9434827007
302465.9064858416,4123720.9872405524
302465.92527324945,4123721.031207169
302465.95293213706,4123721.0749650225
302465.98059102206,4123721.1187228747
302465.99937842926,4123721.1626894916
302466.0270373138,4123721.2064473447
302466.04582472285,4123721.2504139612
302466.0734836069,4123721.2941718153
302466.10114249075,4123721.3379296674
302466.1199298968,4123721.381896285
302466.1475887801,4123721.425654138
302466.16637618584,4123721.4696207545
302466.1940350709,4123721.5133786076
302466.2216939534,4123721.557136462
302466.2404813585,4123721.6011030776
302466.2681402427,4123721.644860931
302466.2869276475,4123721.68882755
302466.314586529,4123721.732585402
302466.3422454102,4123721.7763432562
302466.3610328143,4123721.820309875
302466.388691695,4123721.8640677277
302466.4163505777,4123721.9078255813
302466.4351379812,4123721.9517922006
302466.4627968612,4123721.995550053
302466.48158426647,4123722.0395166716
302466.50924314593,4123722.0832745265
302466.5369020251,4123722.1270323796
302466.55568942754,4123722.1709989985
302466.5833483062,4123722.2147568534
302466.6021357104,4123722.2587234704
302466.6297945886,4123722.302481325
302466.65745346656,4123722.34623918
302466.67624086794,4123722.390205798
302466.7038997476,4123722.433963652
302466.7226871463,4123722.4779302706
302466.75034602545,4123722.5216881265
302466.7780049021,4123722.56544598
302466.79679230246,4123722.609412599
302466.8244511809,4123722.6531704552
302466.85184894473,4123722.6858322727
302466.8706363445,4123722.729798891
302466.8982952199,4123722.773556748
302466.91708261915,4123722.8175233654
302466.94474149414,4123722.86128122
302466.972400371,4123722.9050390758
302466.9911877697,4123722.9490056955
302467.01884664374,4123722.99276355
302467.0376340443,4123723.036730169
302467.06529291795,4123723.080488026
302467.09295179124,4123723.124245881
302467.1117391889,4123723.1682125
302467.1393980618,4123723.2119703563
302467.1581854613,4123723.2559369756
302467.18584433367,4123723.299694832
302467.2135032058,4123723.3434526883
302467.2322906024,4123723.387419307
302467.2599494762,4123723.431177163
302467.2876083475,4123723.4749350203
302467.3063957435,4123723.5189016387
302467.3340546143,4123723.562659496
302467.35284200986,4123723.6066261157
302467.38050088246,4123723.650383971
302467.4081597525,4123723.694141829
302467.42694714747,4123723.7381084487
302467.454606017,4123723.7818663046
302467.47339341155,4123723.825832926
302467.5010522806,4123723.8695907826
302467.52871115156,4123723.913348641
302467.5474985455,4123723.9573152596
302467.5751574137,4123724.0010731164
302467.5939448095,4123724.045039737
302467.6216036773,4123724.088797596
302467.64926254476,4123724.132555452
302467.66804993764,4123724.176522072
302467.69570880465,4123724.2202799306
302467.7233676736,4123724.2640377874
302467.7421550659,4123724.308004407
302467.7698139321,4123724.3517622664
302467.7886013239,4123724.395728886
302467.8162601919,4123724.439486744
302467.84391905734,4123724.4832446026
302467.8627064486,4123724.5272112233
302467.8903653135,4123724.5709690815
302467.9091527043,4123724.6149357026
302467.936811571,4123724.6586935604
302467.96447043517,4123724.702451419
302467.98325782537,4123724.7464180402
302468.01091668906,4123724.790175898
302468.0385755546,4123724.833933758
302468.0573629441,4123724.877900378
302468.08502180706,4123724.9216582365
302468.10380919627,4123724.965624857
302468.1314680609,4123725.009382717
302468.15912692307,4123725.0531405755
302468.1779143115,4123725.0971071967
302468.2055731731,4123725.140865055
302468.22436056123,4123725.1848316775
302468.25201942236,4123725.2285895357
302468.2796782855,4123725.2723473953
302468.2984656729,4123725.3163140174
302468.3261245333,4123725.360071877
302468.3449119204,4123725.404038498
302468.37257078243,4123725.4477963587
302468.40022964205,4123725.491554219
302468.4190170284,4123725.53552084
302468.4466758875,4123725.579278699
302468.47433474637,4123725.6230365597
302468.4931221345,4123725.667003181
302468.5207809927,4123725.710761041
302468.53956837807,4123725.754727663
302468.56722723815,4123725.798485523
302468.5946249857,4123725.8311473466
302468.61341237056,4123725.8751139687
302468.6410712276,4123725.9188718293
302468.65985861194,4123725.9628384514
302468.68751747074,4123726.006596312
302468.71517632704,4123726.0503541715
302468.73396371084,4123726.0943207946
302468.7616225666,4123726.1380786556
302468.78040994995,4123726.1820452777
302468.80806880526,4123726.225803139
302468.83572766255,4123726.269561
302468.85451504524,4123726.313527622
302468.8821738998,4123726.3572854837
302468.90983275627,4123726.4010433448
302468.9286201383,4123726.445009967
302468.9562789921,4123726.4887678297
302468.97506637377,4123726.5327344513
302469.002725227,4123726.5764923133
302469.03038407996,4123726.6202501757
302469.04917146324,4123726.6642167983
302469.07683031575,4123726.7079746597
302469.0956176964,4123726.7519412837
302469.1232765506,4123726.7956991442
302469.1509354023,4123726.8394570057
302469.16972278233,4123726.8834236306
302469.19738163345,4123726.927181492
302469.21616901306,4123726.971148115
302469.24382786604,4123727.014905978
302469.27148671646,4123727.0586638395
302469.2902740955,4123727.1026304625
302469.31793294544,4123727.1463883254
302469.34559179726,4123727.1901461883
302469.3643791734,4123727.2341128117
302469.39203802485,4123727.2778706746
302469.4108254027,4123727.321837297
302469.4384842514,4123727.3655951605
302469.46614310204,4123727.409353024
302469.4849304793,4123727.4533196464
302469.5125893272,4123727.4970775098
302469.5313767041,4123727.541044134
302469.5590355515,4123727.5848019966
302469.5866943986,4123727.62855986
302469.6054817771,4123727.672526485
302469.6331406237,4123727.7162843468
302469.65192799957,4123727.7602509717
302469.67958684795,4123727.8040088355
302469.7072456938,4123727.847766699
302469.72603306896,4123727.8917333237
302469.7536919143,4123727.935491187
302469.7813507594,4123727.9792490513
302469.80013813626,4123728.023215676
302469.82779698074,4123728.066973539
302469.846584355,4123728.1109401635
302469.8742431991,4123728.154698028
302469.9019020451,4123728.1984558916
302469.9206894187,4123728.2424225155
302469.948348262,4123728.2861803807
302469.96713563515,4123728.330147005
302469.9947944778,4123728.37390487
302470.02245332266,4123728.417662735
302470.04124069517,4123728.4616293595
302470.0688995372,4123728.5053872243
302470.08768690936,4123728.5493538487
302470.1153457509,4123728.5931117134
302470.14300459437,4123728.6368695786
302470.16179196583,4123728.680836204
302470.1894508066,4123728.7245940682
302470.2171096493,4123728.7683519344
302470.23589702015,4123728.8123185593
302470.2635558601,4123728.8560764235
302470.28234323056,4123728.9000430494
302470.3097409621,4123728.9327048785
302470.33739980136,4123728.976462743
302470.35618717346,4123729.02042937
302470.3838460122,4123729.0641872357
302470.40263338154,4123729.10815386
302470.4302922198,4123729.1519117267
302470.45795106003,4123729.1956695924
302470.4767384288,4123729.239636218
302470.5043972663,4123729.2833940852
302470.52318463475,4123729.32736071
302470.55084347393,4123729.3711185753
302470.5785023107,4123729.4148764424
302470.59728967835,4123729.4588430678
302470.6249485145,4123729.5026009344
302470.6526073527,4123729.546358801
302470.67139471753,4123729.5903254263
302470.69905355526,4123729.634083293
302470.71784092195,4123729.678049919
302470.7454997569,4123729.7218077867
302470.77315859374,4123729.7655656533
302470.7919459599,4123729.80953228
302470.81960479403,4123729.853290146
302470.83839215967,4123729.897256773
302470.8660509934,4123729.94101464
302470.8937098267,4123729.984772506
302470.912497194,4123730.0287391343
302470.9401560269,4123730.0724970005
302470.95894339157,4123730.1164636267
302470.98660222616,4123730.160221494
302471.0142610583,4123730.2039793627
302471.0330484223,4123730.247945988
302471.06070725387,4123730.291703857
302471.0883660852,4123730.3354617245
302471.10715345084,4123730.379428351
302471.1348122817,4123730.4231862193
302471.15359964466,4123730.467152846
302471.18125847494,4123730.510910714
302471.2089173073,4123730.5546685825
302471.22770466737,4123730.598635209
302471.25536349916,4123730.6423930777
302471.2741508612,4123730.6863597054
302471.3018096902,4123730.7301175725
302471.3294685212,4123730.7738754405
302471.3482558825,4123730.8178420695
302471.3759147108,4123730.861599937
302471.40357353876,4123730.9053578055
302471.4223608995,4123730.949324433
302471.450019727,4123730.993082302
302471.46880708955,4123731.0370489294
302471.4964659165,4123731.080806799
302471.5241247432,4123731.124564668
302471.54291210516,4123731.1685312954
302471.5705709314,4123731.212289165
302471.58935829066,4123731.256255792
302471.6170171164,4123731.3000136623
302471.64467594185,4123731.3437715317
302471.66346330266,4123731.387738159
302471.6911221276,4123731.4314960283
302471.7099094859,4123731.475462657
302471.73756831035,4123731.5192205263
302471.7652271368,4123731.562978395
302471.78401449206,4123731.606945025
302471.811673318,4123731.6507028937
302471.8393321414,4123731.694460763
302471.85811949836,4123731.738427392
302471.8857783235,4123731.7821852625
302471.9045656801,4123731.8261518907
302471.93222450244,4123731.8699097615
302471.95988332457,4123731.9136676313
302471.97867068055,4123731.957634261
302472.0063295044,4123732.001392131
302472.024855754,4123732.034262722
302472.0525145752,4123732.078020594
302472.08017339825,4123732.121778464
302472.0989607532,4123732.165745092
302472.12661957357,4123732.2095029647
302472.14540692803,4123732.253469593
302472.17306574795,4123732.2972274637
302472.2007245676,4123732.340985335
302472.21951192373,4123732.3849519645
302472.24717074283,4123732.4287098353
302472.2748295617,4123732.472467706
302472.2936169149,4123732.516434335
302472.3212757355,4123732.5601922073
302472.34006308834,4123732.604158837
302472.36772190616,4123732.6479167067
302472.3953807237,4123732.6916745794
302472.4141680782,4123732.7356412085
302472.4418268953,4123732.77939908
302472.460614247,4123732.82336571
302472.4882730636,4123732.8671235824
302472.51593188,4123732.9108814527
302472.5347192311,4123732.954848084
302472.5623780492,4123732.9986059554
302472.58116539987,4123733.042572586
302472.6088242152,4123733.086330458
302472.6364830325,4123733.1300883293
302472.65527038265,4123733.1740549603
302472.6829291971,4123733.217812833
302472.71058801137,4123733.2615707046
302472.7293753609,4123733.305537334
302472.75703417463,4123733.3492952078
302472.775821526,4123733.393261838
302472.80348033924,4123733.4370197104
302472.83113915223,4123733.4807775836
302472.8499265029,4123733.5247442136
302472.8775853154,4123733.5685020867
302472.89637266344,4123733.6124687176
302472.92403147544,4123733.6562265907
302472.9516902871,4123733.6999844634
302472.9704776368,4123733.7439510943
302472.998136448,4123733.787708967
302473.01692379505,4123733.831675599
302473.0445826057,4123733.8754334725
302473.0722414184,4123733.9191913456
302473.0910287625,4123733.963157977
302473.11868757475,4123734.00691585
302473.14634638437,4123734.0506737228
302473.16513373016,4123734.094640354
302473.1927925416,4123734.1383982287
302473.2115798869,4123734.182364859
302473.2392386956,4123734.2261227337
302473.266897504,4123734.269880607
302473.28568484867,4123734.313847238
302473.3133436565,4123734.3576051127
302473.33213100315,4123734.4015717446
302473.3597898105,4123734.4453296196
302473.3874486176,4123734.489087494
302473.4062359635,4123734.5330541255
302473.43389477016,4123734.576811999
302473.4526821135,4123734.620778632
302473.4803409196,4123734.6645365064
302473.5079997254,4123734.70829438
302473.5267870703,4123734.752261012
302473.5544458757,4123734.796018887
302473.5821046807,4123734.8397767623
302473.6008920227,4123734.8837433946
302473.62855082954,4123734.92750127
302473.6473381689,4123734.971467902
302473.6749969752,4123735.0152257774
302473.70265577896,4123735.0589836524
302473.72144312,4123735.102950285
302473.74884082156,4123735.1356121246
302473.76762816217,4123735.179578756
302473.795286965,4123735.223336632
302473.82294576755,4123735.2670945073
302473.8417331076,4123735.311061139
302473.86939190957,4123735.354819015
302473.88817925146,4123735.3987856475
302473.915838053,4123735.4425435234
302473.9434968543,4123735.4863014002
302473.9622841954,4123735.530268033
302473.98994299624,4123735.5740259085
302474.01760179666,4123735.6177837853
302474.03638913494,4123735.661750418
302474.06404793495,4123735.7055082945
302474.08283527516,4123735.749474928
302474.11049407464,4123735.7932328037
302474.13815287384,4123735.8369906796
302474.1569402112,4123735.8809573147
302474.18459901214,4123735.9247151907
302474.203386349,4123735.968681823
302474.2310451472,4123736.0124397017
302474.2587039452,4123736.056197578
302474.2774912836,4123736.1001642104
302474.3051500811,4123736.143922088
302474.3239374169,4123736.187888722
302474.3515962139,4123736.231646599
302474.3792550106,4123736.275404476
302474.39804234577,4123736.3193711094
302474.42570114415,4123736.363128987
302474.45335994015,4123736.406886865
302474.47214727476,4123736.4508534977
302474.49980607233,4123736.494611377
302474.5185934065,4123736.53857801
302474.5462522014,4123736.5823358875
302474.573910996,4123736.6260937657
302474.5926983296,4123736.6700604
302474.62035712367,4123736.713818277
302474.6391444591,4123736.7577849114
302474.6668032527,4123736.8015427897
302474.6944620461,4123736.8453006675
302474.7132493808,4123736.8892673026
302474.7409081737,4123736.93302518
302474.7685669663,4123736.976783059
302474.78735429817,4123737.0207496947
302474.81501309026,4123737.0645075724
302474.8338004239,4123737.108474206
302474.8614592155,4123737.1522320863
302474.8891180068,4123737.1959899645
302474.90790533763,4123737.2399565983
302474.9355641308,4123737.283714478
302474.9543514589,4123737.3276811126
302474.9820102515,4123737.371438991
302475.0096690415,4123737.4151968705
302475.0284563713,4123737.459163505
302475.0561151631,4123737.5029213843
302475.07490249246,4123737.5468880204
302475.10256128147,4123737.590645899
302475.13022007025,4123737.634403779
302475.14900739904,4123737.678370414
302475.1766661873,4123737.722128293
302475.2043249775,4123737.7658861736
302475.2231123057,4123737.809852809
302475.2507710932,4123737.8536106884
302475.26955842314,4123737.8975773235
302475.2972172101,4123737.9413352045
302475.3248759968,4123737.985093083
302475.3436633239,4123738.029059719
302475.3713221102,4123738.072817599
302475.39010943903,4123738.116784234
302475.41776822484,4123738.160542115
302475.4454270103,4123738.204299996
302475.4639532344,4123738.2371705957
302475.4916120216,4123738.2809284762
302475.51039934496,4123738.324895113
302475.53805813176,4123738.368652992
302475.565716916,4123738.412410874
302475.584504241,4123738.4563775095
302475.61216302693,4123738.500135389
302475.6398218104,4123738.5438932716
302475.65860913484,4123738.5878599067
302475.68626791774,4123738.6316177878
302475.7050552417,4123738.6755844248
302475.73271402414,4123738.719342306
302475.76037280855,4123738.7631001873
302475.77916013193,4123738.8070668243
302475.80681891367,4123738.850824705
302475.8256062388,4123738.8947913414
302475.85326502,4123738.9385492243
302475.88092380087,4123738.982307105
302475.8997111232,4123739.0262737423
302475.92736990366,4123739.0700316248
302475.94615722774,4123739.1139982603
302475.9738160076,4123739.157756142
302476.00147478725,4123739.2015140248
302476.02026210853,4123739.2454806603
302476.0479208899,4123739.289238543
302476.0755796688,4123739.3329964257
302476.09436698945,4123739.376963062
302476.1220257678,4123739.420720946
302476.14081309026,4123739.464687582
302476.16847186815,4123739.5084454645
302476.19613064575,4123739.5522033484
302476.21491796535,4123739.596169985
302476.24257674237,4123739.6399278673
302476.2613640616,4123739.6838945057
302476.28902284044,4123739.727652388
302476.31668161676,4123739.7714102706
302476.3354689353,4123739.815376909
302476.3631277133,4123739.859134792
302476.3819150316,4123739.903101428
302476.40957380686,4123739.946859312
302476.4372325819,4123739.9906171956
302476.45601989946,4123740.0345838326
302476.483678674,4123740.0783417174
302476.5113374505,4123740.1220996003
302476.53012476733,4123740.166066238
302476.55778354115,4123740.2098241225
302476.57657085767,4123740.2537907595
302476.6042296331,4123740.297548644
302476.6318884061,4123740.341306528
302476.650675722,4123740.385273166
302476.67833449447,4123740.42903105
302476.69712181226,4123740.4729976887
302476.72478058416,4123740.516755572
302476.7524393559,4123740.560513457
302476.7712266707,4123740.6044800943
302476.79888544197,4123740.6482379795
302476.8176727564,4123740.692204618
302476.84533152933,4123740.735962503
302476.8729902998,4123740.779720386
302476.89177761355,4123740.823687026
302476.91943638574,4123740.867444911
302476.9470951554,4123740.911202795
302476.9658824686,4123740.955169434
302476.9935412378,4123740.99892732
302477.01232855057,4123741.0428939583
302477.03998731927,4123741.0866518444
302477.0676460898,4123741.130409729
302477.08643340203,4123741.1743763676
302477.1140921699,4123741.2181342538
302477.13287948386,4123741.262100891
302477.1605382513,4123741.3058587774
302477.1881970184,4123741.349616664
302477.2067232296,4123741.382487265
302477.2343819962,4123741.426245151
302477.25316930923,4123741.4702117913
302477.28082807537,4123741.513969676
302477.3084868412,4123741.5577275623
302477.3272741514,4123741.601694202
302477.3549329189,4123741.645452088
302477.382591684,4123741.6892099734
302477.4013789935,4123741.7331766146
302477.4290377581,4123741.7769345
302477.4478250671,4123741.820901139
302477.4754838335,4123741.8646590263
302477.5031425974,4123741.908416912
302477.52192990575,4123741.952383553
302477.5495886691,4123741.9961414393
302477.5683759771,4123742.0401080786
302477.59603474,4123742.0838659666
302477.6236935047,4123742.127623853
302477.64248081204,4123742.171590492
302477.6701395742,4123742.2153483806
302477.6889268834,4123742.2593150204
302477.716585645,4123742.303072906
302477.74424440623,4123742.3468307955
302477.7630317126,4123742.3907974353
302477.79069047334,4123742.434555322
302477.8183492338,4123742.4783132095
302477.83713654184,4123742.5222798493
302477.8647953018,4123742.566037737
302477.88358260714,4123742.6100043785
302477.91124136886,4123742.6537622656
302477.9389001281,4123742.697520153
302477.9576874328,4123742.741486795
302477.98534619156,4123742.785244682
302478.00413349585,4123742.8292113217
302478.03179225634,4123742.8729692115
302478.0594510143,4123742.9167270996
302478.0782383179,4123742.96069374
302478.1058970754,4123743.0044516292
302478.1335558348,4123743.0482095173
302478.15234313556,4123743.092176159
302478.18000189454,4123743.135934047
302478.19878919714,4123743.179900687
302478.2264479556,4123743.2236585757
302478.2541067115,4123743.267416466
302478.2728940135,4123743.311383106
302478.30055276887,4123743.3551409952
302478.3193400705,4123743.3991076373
302478.34699882544,4123743.442865526
302478.37465758226,4123743.486623415
302478.39344488323,4123743.530590057
302478.4211036373,4123743.5743479463
302478.4398909379,4123743.6183145884
302478.46754969377,4123743.6620724774
302478.4952084471,4123743.7058303664
302478.5139957471,4123743.749797009
302478.54165449995,4123743.793554898
302478.5693132526,4123743.8373127873
302478.5881005541,4123743.8812794294
302478.61575930624,4123743.925037319
302478.63454660506,4123743.969003961
302478.66220535664,4123744.012761852
302478.6898641102,4123744.056519741
302478.70865140844,4123744.1004863824
302478.73631015926,4123744.1442442737
302478.75509745703,4123744.1882109153
302478.78275620966,4123744.2319688066
302478.81041495973,4123744.275726697
302478.8292022569,4123744.3196933395
302478.85686100647,4123744.3634512294
302478.87564830325,4123744.4074178725
302478.90330705233,4123744.4511757633
302478.9307047054,4123744.483837616
302478.9494920016,4123744.5278042587
302478.97715074994,4123744.57156215
302479.0048095003,4123744.615320042
302479.02359679586,4123744.6592866834
302479.0512555433,4123744.7030445742
302479.07004283846,4123744.747011218
302479.0977015855,4123744.7907691095
302479.12536033225,4123744.8345270003
302479.14414762903,4123744.878493644
302479.17180637526,4123744.922251535
302479.1905936694,4123744.966218178
302479.2182524174,4123745.0099760694
302479.2459111629,4123745.0537339603
302479.2646984564,4123745.0977006033
302479.2923572014,4123745.1414584965
302479.31114449445,4123745.185425139
302479.3388032412,4123745.229183031
302479.3664619854,4123745.2729409235
302479.3852492778,4123745.316907567
302479.4129080216,4123745.3606654583
302479.4405667673,4123745.404423352
302479.4593540568,4123745.448389995
302479.48701280204,4123745.492147887
302479.5058000935,4123745.536114532
302479.5334588359,4123745.579872424
302479.5611175803,4123745.623630316
302479.57990487106,4123745.6675969614
302479.60756361275,4123745.7113548545
302479.62635090307,4123745.7553214966
302479.6540096443,4123745.7990793907
302479.68166838516,4123745.842837283
302479.7004556772,4123745.886803928
302479.7281144175,4123745.9305618205
302479.7469017069,4123745.9745284645
302479.7745604491,4123746.0182863576
302479.8022191887,4123746.0620442517
302479.82100647746,4123746.106010895
302479.8486652165,4123746.14976879
302479.87632395537,4123746.1935266834
302479.8951112457,4123746.2374933274
302479.92276998406,4123746.281251222
302479.94155727176,4123746.325217866
302479.96921600954,4123746.3689757595
302479.9968747494,4123746.412733654
302480.01566203416,4123746.4567002975
302480.0433207735,4123746.5004581907
302480.0621080601,4123746.544424837
302480.089766799,4123746.5881827306
302480.1174255352,4123746.6319406237
302480.13621282123,4123746.6759072705
302480.16387155704,4123746.719665164
302480.18265884265,4123746.7636318086
302480.21031757805,4123746.807389704
302480.237976313,4123746.851147599
302480.2567636002,4123746.895114244
302480.28442233475,4123746.938872139
302480.31208107126,4123746.9826300335
302480.3308683556,4123747.0265966794
302480.35852708935,4123747.070354574
302480.37731437327,4123747.1143212183
302480.4049731065,4123747.1580791143
302480.43263183953,4123747.2018370093
302480.45141912514,4123747.2458036547
302480.47907785757,4123747.28956155
302480.49786514044,4123747.3335281964
302480.52552387246,4123747.377286091
302480.55318260635,4123747.421043987
302480.57196988864,4123747.4650106328
302480.5996286199,4123747.5087685282
302480.61841590167,4123747.5527351745
302480.6458135388,4123747.585397033
302480.67347226926,4123747.629154929
302480.69225955056,4123747.6731215757
302480.7199182805,4123747.7168794707
302480.7475770102,4123747.760637366
302480.76636429084,4123747.804604014
302480.79402302223,4123747.8483619103
302480.8128103025,4123747.8923285557
302480.8404690311,4123747.936086454
302480.8681277619,4123747.9798443494
302480.8869150414,4123748.023810995
302480.9145737694,4123748.0675688935
302480.9333610486,4123748.1115355403
302480.96101977595,4123748.1552934353
302480.9886785031,4123748.1990513336
302481.00746578386,4123748.2430179794
302481.0351245105,4123748.286775877
302481.0539117887,4123748.3307425235
302481.08157051704,4123748.37450042
302481.109229243,4123748.4182583163
302481.1280165205,4123748.462224965
302481.1556752458,4123748.5059828614
302481.18333397096,4123748.549740759
302481.2021212501,4123748.5937074064
302481.2297799747,4123748.637465304
302481.24856725114,4123748.681431952
302481.27622597525,4123748.725189849
302481.3038847013,4123748.7689477466
302481.32267197495,4123748.8129143952
302481.3503307005,4123748.856672292
302481.36911797593,4123748.9006389393
302481.39677669876,4123748.944396839
302481.42443542357,4123748.988154736
302481.4432226984,4123749.0321213817
302481.4708814204,4123749.0758792814
302481.48966869485,4123749.119845929
302481.51732741646,4123749.1636038264
302481.54498613765,4123749.207361725
302481.5637734137,4123749.251328374
302481.5914321345,4123749.295086271
302481.619090855,4123749.338844171
302481.63787813036,4123749.3828108185
302481.6655368504,4123749.4265687177
302481.6843241231,4123749.470535366
302481.71198284265,4123749.5142932646
302481.7396415619,4123749.5580511633
302481.75842883624,4123749.602017812
302481.78608755494,4123749.645775711
302481.8048748267,4123749.689742359
302481.83253354486,4123749.7335002595
302481.8601922651,4123749.7772581577
302481.8789795339,4123749.8212248054
302481.9066382536,4123749.864982706
302481.93429697084,4123749.908740605
302481.95308424125,4123749.9527072534
302481.98074296024,4123749.9964651535
302481.99953023024,4123750.040431802
302482.02718894643,4123750.0841897028
302482.05484766234,4123750.1279476024
302482.0736349317,4123750.171914251
302482.10129364714,4123750.2156721526
302482.1200809184,4123750.2596388003
302482.14773963334,4123750.3033967004
302482.1753983502,4123750.3471546015
302482.19418561854,4123750.39112125
302482.22184433276,4123750.4348791493
302482.2406316007,4123750.4788458
302482.2682903143,4123750.5226037004
302482.2959490277,4123750.5663616
302482.31473629724,4123750.61032825
302482.3423950102,4123750.65408615
302482.36979262886,4123750.686748015
302482.3885798956,4123750.7307146653
302482.41623861,4123750.7744725654
302482.4350258763,4123750.818439216
302482.4626845879,4123750.8621971174
302482.4903432992,4123750.9059550175
302482.5091305672,4123750.949921666
302482.53678927803,4123750.993679569
302482.5555765433,4123751.037646218
302482.5832352537,4123751.0814041197
302482.6108939638,4123751.1251620213
302482.6296812284,4123751.1691286718
302482.65733994026,4123751.2128865733
302482.67612720456,4123751.256853224
302482.70378591353,4123751.3006111253
302482.73144462466,4123751.3443690278
302482.75023188826,4123751.3883356773
302482.77789059654,4123751.432093579
302482.8055493046,4123751.4758514827
302482.82433656754,4123751.5198181327
302482.85199527506,4123751.5635760347
302482.87078253995,4123751.607542685
302482.898441247,4123751.6513005877
302482.9260999537,4123751.695058489
302482.94488721574,4123751.739025141
302482.97254592413,4123751.782783043
302482.9913331857,4123751.8267496936
302483.0189918915,4123751.870507597
302483.04665059695,4123751.914265499
302483.0654378601,4123751.9582321504
302483.0930965651,4123752.0019900533
302483.1118838256,4123752.0459567043
302483.13954253006,4123752.0897146063
302483.1672012366,4123752.133472511
302483.1859884942,4123752.1774391616
302483.21364720014,4123752.2211970645
302483.24130590353,4123752.2649549698
302483.26009316277,4123752.30892162
302483.287751868,4123752.3526795222
302483.3065391268,4123752.3966461746
302483.33419782936,4123752.4404040775
302483.36185653147,4123752.4841619814
302483.38064378966,4123752.5281286337
302483.40830249136,4123752.5718865367
302483.42708975135,4123752.615853189
302483.4547484525,4123752.659611094
302483.48240715347,4123752.7033689967
302483.5011944129,4123752.747335649
302483.5288531133,4123752.791093554
302483.54764037003,4123752.8350602044
302483.5752990699,4123752.8788181096
302483.60295776953,4123752.9225760144
302483.6217450279,4123752.9665426654
302483.64940372703,4123753.010300571
302483.6770624259,4123753.054058475
302483.6958496814,4123753.098025127
302483.723508382,4123753.1417830326
302483.7422956348,4123753.185749684
302483.76995433494,4123753.229507589
302483.7976130325,4123753.273265495
302483.816400287,4123753.3172321464
302483.8440589863,4123753.3609900516
302483.8628462404,4123753.404956705
302483.8905049369,4123753.4487146097
302483.9181636332,4123753.4924725145
302483.9369508866,4123753.536439168
302483.96460958244,4123753.580197073
302483.9833968377,4123753.6241637254
302484.0110555331,4123753.6679216316
302484.0387142303,4123753.711679537
302484.05750148266,4123753.7556461897
302484.0848990854,4123753.7883080603
302484.11255777965,4123753.832065965
302484.13134503143,4123753.876032619
302484.1590037252,4123753.919790525
302484.17779097887,4123753.963757178
302484.2054496721,4123754.0075150845
302484.2331083652,4123754.0512729906
302484.25189561595,4123754.0952396435
302484.2795543107,4123754.138997551
302484.2983415588,4123754.182964204
302484.32600025303,4123754.22672211
302484.35365894483,4123754.2704800167
302484.37244619674,4123754.31444667
302484.400104888,4123754.3582045767
302484.41889213724,4123754.402171231
302484.446550828,4123754.4459291375
302484.47420951846,4123754.4896870437
302484.49299676716,4123754.533653699
302484.52065545716,4123754.577411606
302484.548314149,4123754.6211695126
302484.5671013971,4123754.665136168
302484.5947600886,4123754.7088940744
302484.6135473362,4123754.752860728
302484.6412060249,4123754.7966186358
302484.6688647133,4123754.8403765433
302484.6876519603,4123754.884343196
302484.71531064826,4123754.928101105
302484.7340978971,4123754.9720677584
302484.7617565845,4123755.0158256665
302484.7894152717,4123755.0595835755
302484.8082025176,4123755.103550229
302484.8358612065,4123755.147308136
302484.85464845214,4123755.191274792
302484.88230713824,4123755.2350326995
302484.9099658241,4123755.2787906094
302484.92875307135,4123755.322757263
302484.9564117567,4123755.366515172
302484.9840704418,4123755.410273081
302485.0028576861,4123755.4542397354
302485.03051637067,4123755.497997644
302485.0493036146,4123755.5419643
302485.0769623009,4123755.585722207
302485.10462098476,4123755.6294801156
302485.12340822804,4123755.673446772
302485.1510669136,4123755.7172046797
302485.16985415644,4123755.761171334
302485.1975128393,4123755.804929245
302485.2251715219,4123755.8486871533
302485.2439587641,4123755.892653808
302485.27161744615,4123755.9364117184
302485.29927613016,4123755.9801696283
302485.3180633718,4123756.024136282
302485.3457220531,4123756.0678941933
302485.3645092965,4123756.1118608476
302485.3921679773,4123756.155618758
302485.41982665786,4123756.199376669
302485.43861389835,4123756.2433433235
302485.46627257834,4123756.287101232
302485.4850598208,4123756.331067889
302485.5127185003,4123756.3748257984
302485.5403771795,4123756.4185837083
302485.559164419,4123756.4625503654
302485.5868231,4123756.5063082753
302485.6056103369,4123756.550274931
302485.63326901745,4123756.5940328413
302485.66092769534,4123756.637790752
302485.6797149338,4123756.681757408
302485.7073736136,4123756.7255153186
302485.7350322907,4123756.7692732294
302485.7538195286,4123756.8132398864
302485.78147820523,4123756.8569977977
302485.80000435293,4123756.889868416
302485.8276630291,4123756.9336263286
302485.8553217073,4123756.977384239
302485.87410894415,4123757.0213508946
302485.90176761965,4123757.0651088073
302485.9205548583,4123757.109075464
302485.94821353327,4123757.1528333747
302485.9758722079,4123757.1965912865
302485.99465944374,4123757.2405579435
302486.0223181179,4123757.2843158543
302486.0411053556,4123757.328282512
302486.06876402925,4123757.372040423
302486.0964227026,4123757.415798335
302486.11520993744,4123757.4597649914
302486.14286861254,4123757.503522903
302486.1705272852,4123757.5472808154
302486.18931451935,4123757.5912474734
302486.2169731915,4123757.635005385
302486.23576042743,4123757.6789720417
302486.2634190991,4123757.722729955
302486.29107777047,4123757.7664878666
302486.30986500357,4123757.810454525
302486.33752367436,4123757.8542124373
302486.35631090705,4123757.898179095
302486.38396957744,4123757.941937007
302486.4116282498,4123757.9856949197
302486.4304154818,4123758.0296615767
302486.4580741537,4123758.0734194918
302486.4768613854,4123758.1173861483
302486.50452005444,4123758.1611440596
302486.53217872325,4123758.2049019737
302486.5509659543,4123758.248868631
302486.5786246226,4123758.2926265444
302486.6062832906,4123758.336384459
302486.62507052324,4123758.3803511164
302486.65272919077,4123758.4241090296
302486.6715164208,4123758.4680756875
302486.69917509006,4123758.511833602
302486.72683375684,4123758.5555915153
302486.7456209862,4123758.5995581737
302486.77327965247,4123758.6433160873
302486.79206688365,4123758.6872827453
302486.81972554943,4123758.7310406603
302486.847384215,4123758.774798574
302486.86617144325,4123758.8187652314
302486.8938301082,4123758.862523147
302486.91261733614,4123758.906489805
302486.94027600286,4123758.950247718
302486.96793466713,4123758.994005633
302486.9867218945,4123759.037972292
302487.0143805604,4123759.0817302056
302487.04203922383,4123759.125488121
302487.0608264505,4123759.1694547785
302487.08848511346,4123759.213212694
302487.10727233964,4123759.257179354
302487.13493100216,4123759.3009372675
302487.16258966655,4123759.344695185
302487.1813768922,4123759.388661843
302487.20903555385,4123759.4324197574
302487.2278227791,4123759.4763864176
302487.2554814425,4123759.520144332
302487.2831401034,4123759.5639022468
302487.301927328,4123759.607868907
302487.3295859884,4123759.651626822
302487.3483732148,4123759.695593481
302487.3760318747,4123759.739351399
302487.4036905343,4123759.783109313
302487.4224777579,4123759.8270759713
302487.45013641927,4123759.87083389
302487.4777950781,4123759.9145918046
302487.496582301,4123759.9585584626
302487.52424095944,4123760.002316381
302487.54276709404,4123760.035187003
302487.5704257542,4123760.0789449187
302487.5980844118,4123760.1227028356
302487.6168716337,4123760.166669496
302487.64453029085,4123760.2104274123
302487.6633175123,4123760.2543940716
302487.69097616896,4123760.298151989
302487.7186348275,4123760.3419099054
302487.73742204835,4123760.3858765657
302487.76508070424,4123760.4296344817
302487.7838679269,4123760.4736011424
302487.8115265822,4123760.5173590593
302487.83918523736,4123760.5611169757
302487.8579724572,4123760.605083637
302487.88563111174,4123760.648841554
302487.91328976606,4123760.6925994703
302487.93207698746,4123760.7365661305
302487.95973564126,4123760.7803240474
302487.9785228601,4123760.8242907086
302488.00618151564,4123760.868048627
302488.0338401686,4123760.9118065448
302488.05262738676,4123760.9557732046
302488.08028603933,4123760.999531124
302488.0990732593,4123761.043497783
302488.1267319113,4123761.0872557014
302488.1543905631,4123761.13101362
302488.17317778023,4123761.174980281
302488.20083643147,4123761.2187381983
302488.21962364815,4123761.2627048595
302488.2472822989,4123761.3064627782
302488.2749409516,4123761.3502206956
302488.2937281677,4123761.3941873577
302488.32138681994,4123761.437945275
302488.34904546966,4123761.4817031934
302488.3678326851,4123761.5256698555
302488.39549133426,4123761.5694277734
302488.4142785494,4123761.613394435
302488.44193719805,4123761.6571523543
302488.4695958465,4123761.700910273
302488.4883830632,4123761.7448769337
302488.5160417111,4123761.7886348544
302488.53482892516,4123761.832601515
302488.56248757476,4123761.8763594343
302488.5901462219,4123761.920117354
302488.6089334353,4123761.9640840157
302488.636592082,4123762.0078419354
302488.6642507283,4123762.051599855
302488.6830379433,4123762.095566517
302488.7106965892,4123762.1393244374
302488.72948380164,4123762.183291099
302488.75714244694,4123762.227049017
302488.7848010943,4123762.270806939
302488.80358830607,4123762.314773601
302488.8312469506,4123762.3585315193
302488.85003416194,4123762.402498183
302488.87769280834,4123762.4462561025
302488.9053514522,4123762.4900140227
302488.9241386629,4123762.533980686
302488.9517973062,4123762.577738605
302488.9705845164,4123762.621705268
302488.9982431593,4123762.665463189
302489.0259018041,4123762.709221109
302489.04468901374,4123762.7531877724
302489.0723476558,4123762.7969456925
302489.1000062998,4123762.840703613
302489.11879350885,4123762.884670275
302489.14645215013,4123762.9284281973
302489.1652393587,4123762.972394859
302489.19289799954,4123763.0161527805
302489.22055664007,4123763.0599107016
302489.2393438503,4123763.103877365
302489.2667414045,4123763.136539249
302489.2855286121,4123763.1805059128
302489.3131872517,4123763.224263834
302489.34084589314,4123763.268021756
302489.3596331001,4123763.3119884185
302489.3872917389,4123763.3557463386
302489.4060789455,4123763.3997130035
302489.433737586,4123763.443470925
302489.461396224,4123763.4872288457
302489.48018342984,4123763.53119551
302489.5078420674,4123763.5749534327
302489.5355007069,4123763.6187113547
302489.5542879099,4123763.662678018
302489.5819465489,4123763.7064359407
302489.60073375376,4123763.7504026038
302489.62839239,4123763.7941605267
302489.6560510282,4123763.8379184487
302489.67483823246,4123763.8818851127
302489.702496868,4123763.925643036
302489.7212840718,4123763.969609699
302489.7489427067,4123764.0133676203
302489.77660134144,4123764.057125545
302489.7953885469,4123764.1010922086
302489.82304718107,4123764.14485013
302489.8418343839,4123764.1888167965
302489.86949301977,4123764.232574719
302489.8971516532,4123764.2763326415
302489.9159388554,4123764.3202993064
302489.94359748834,4123764.3640572294
302489.971256121,4123764.4078151532
302489.99004332477,4123764.4517818177
302490.01770195685,4123764.4955397407
302490.03648915805,4123764.5395064065
302490.0641477897,4123764.58326433
302490.09180642327,4123764.6270222524
302490.11059362156,4123764.670988918
302490.13825225463,4123764.7147468417
302490.1570394548,4123764.758713506
302490.1846980874,4123764.802471431
302490.2123567175,4123764.8462293553
302490.23114391696,4123764.8901960193
302490.25880254654,4123764.9339539446
302490.2775897456,4123764.9779206086
302490.30524837476,4123765.021678534
302490.33290700347,4123765.065436459
302490.3516942042,4123765.109403123
302490.37935283256,4123765.153161047
302490.40701146284,4123765.196918973
302490.42579866067,4123765.240885638
302490.4534572882,4123765.284643562
302490.47224448563,4123765.3286102284
302490.49990311265,4123765.3723681537
302490.5275617393,4123765.416126077
302490.5463489385,4123765.460092743
302490.5740075647,4123765.503850668
302490.59279476106,4123765.547817333
302490.62045338686,4123765.5915752593
302490.6481120146,4123765.6353331837
302490.6668992081,4123765.67929985
302490.69455783535,4123765.723057776
302490.7133450307,4123765.7670244416
302490.7410036574,4123765.8107823664
302490.7686622816,4123765.854540294
302490.7874494763,4123765.898506959
302490.81510810007,4123765.9422648847
302490.8427667235,4123765.986022812
302490.8615539176,4123766.0299894777
302490.8892125428,4123766.0737474035
302490.90799973643,4123766.1177140693
302490.93565835885,4123766.1614719955
302490.9633169833,4123766.205229922
302490.9818430926,4123766.2381005515
302491.00950171426,4123766.281858478
302491.0282889069,4123766.325825145
302491.0559475281,4123766.3695830717
302491.083606149,4123766.4133409974
302491.10239334335,4123766.4573076656
302491.1300519638,4123766.501065592
302491.1488391553,4123766.545032258
302491.17649777525,4123766.588790185
302491.20415639714,4123766.6325481124
302491.2229435882,4123766.676514778
302491.2506022074,4123766.7202727064
302491.27826082625,4123766.764030633
302491.2970480189,4123766.807997301
302491.32470663724,4123766.851755228
302491.3434938272,4123766.8957218947
302491.3711524451,4123766.9394798237
302491.3988110627,4123766.9832377513
302491.41759825195,4123767.027204417
302491.4452568714,4123767.0709623457
302491.4640440603,4123767.114929014
302491.4917026769,4123767.1586869406
302491.51936129556,4123767.2024448686
302491.53814848384,4123767.246411536
302491.5658070997,4123767.290169464
302491.58459428756,4123767.334136131
302491.61225290294,4123767.3778940598
302491.6399115179,4123767.421651987
302491.65869870747,4123767.4656186565
302491.68635732203,4123767.509376585
302491.7140159363,4123767.5531345126
302491.73280312517,4123767.5971011817
302491.76046173903,4123767.64085911
302491.77924892516,4123767.684825777
302491.8069075385,4123767.7285837065
302491.8345661515,4123767.772341636
302491.8533533393,4123767.816308303
302491.88101195195,4123767.860066233
302491.899799137,4123767.904032901
302491.927457749,4123767.94779083
302491.955116363,4123767.9915487594
302491.9739035453,4123768.035515427
302492.0015621588,4123768.0792733557
302492.0292207698,4123768.1230312865
302492.048007956,4123768.166997955
302492.0756665665,4123768.2107558837
302492.09445374995,4123768.254722554
302492.12211235997,4123768.298480483
302492.14977096964,4123768.342238412
302492.1685581525,4123768.386205081
302492.1962167617,4123768.4299630118
302492.21500394645,4123768.4739296804
302492.24266255513,4123768.517687611
302492.2703211658,4123768.56144554
302492.2891083476,4123768.6054122094
302492.3167669556,4123768.6491701403
302492.33555413707,4123768.693136808
302492.3632127445,4123768.736894738
302492.3908713516,4123768.7806526697
302492.4096585347,4123768.824619338
302492.43731714133,4123768.8683772697
302492.4649757477,4123768.9121352006
302492.4837629279,4123768.956101869
302492.51142153604,4123768.9998598006
302492.53020871355,4123769.0438264697
302492.5578673211,4123769.087584401
302492.5855259263,4123769.131342333
302492.6043131077,4123769.1753090015
302492.6319717123,4123769.219066933
302492.650758891,4123769.263033604
302492.6784174951,4123769.306791534
302492.7058150171,4123769.339453429
302492.7246021953,4123769.3834201
302492.7522608009,4123769.4271780294
302492.77104797866,4123769.4711447
302492.7987065815,4123769.5149026327
302492.82636518637,4123769.558660564
302492.8451523634,4123769.602627234
302492.8728109655,4123769.6463851663
302492.90046956734,4123769.6901430986
302492.91925674374,4123769.734109768
302492.9469153451,4123769.7778677014
302492.9657025234,4123769.8218343705
302492.99336112424,4123769.8655923023
302493.0210197248,4123769.9093502364
302493.0398069002,4123769.9533169055
302493.06746550254,4123769.9970748383
302493.0862526775,4123770.0410415092
302493.11391127703,4123770.0847994415
302493.1415698762,4123770.1285573742
302493.1603570529,4123770.172524045
302493.1880156518,4123770.216281978
302493.2068028257,4123770.260248649
302493.234461424,4123770.304006582
302493.262120022,4123770.3477645144
302493.28090719535,4123770.391731187
302493.3085657951,4123770.4354891195
302493.3362243923,4123770.4792470518
302493.355011565,4123770.523213725
302493.382670164,4123770.5669716564
302493.40145733627,4123770.6109383274
302493.42911593255,4123770.6546962615
302493.4567745285,4123770.698454195
302493.4755617002,4123770.7424208666
302493.50322029565,4123770.7861788007
302493.5220074692,4123770.8301454713
302493.5496660641,4123770.8739034054
302493.5773246588,4123770.91766134
302493.59611182945,4123770.9616280114
302493.62377042585,4123771.0053859456
302493.6425575961,4123771.049352618
302493.67021618976,4123771.0931105516
302493.6978747832,4123771.136868486
302493.71666195506,4123771.1808351586
302493.744320548,4123771.224593092
302493.7719791406,4123771.268351027
302493.7907663096,4123771.3123176983
302493.81842490396,4123771.356075634
302493.8372120703,4123771.4000423052
302493.8648706642,4123771.4438002408
302493.8925292556,4123771.487558175
302493.91131642344,4123771.531524848
302493.9389750166,4123771.575282783
302493.9577621842,4123771.619249455
302493.9854207745,4123771.6630073907
302494.01307936455,4123771.706765326
302494.03186653147,4123771.7507319977
302494.05952512106,4123771.7944899346
302494.07831228984,4123771.838456607
302494.1059708789,4123771.882214542
302494.13362946996,4123771.925972478
302494.1524166358,4123771.96993915
302494.18007522414,4123772.013697085
302494.20773381216,4123772.057455022
302494.22652097745,4123772.101421694
302494.254179565,4123772.14517963
302494.27296673204,4123772.189146304
302494.3006253191,4123772.2329042396
302494.32828390587,4123772.2766621755
302494.3470710701,4123772.320628849
302494.3747296586,4123772.3643867853
302494.3935168201,4123772.4083534577
302494.42091432837,4123772.441015359
302494.4485729139,4123772.4847732955
302494.4673600794,4123772.528739969
302494.4950186644,4123772.5724979057
302494.5138058271,4123772.616464578
302494.54146441165,4123772.660222516
302494.5691229959,4123772.7039804533
302494.58791015804,4123772.7479471257
302494.6155687418,4123772.791705064
302494.6432273275,4123772.8354630005
302494.66201448906,4123772.879429674
302494.6896730743,4123772.923187611
302494.70846023544,4123772.9671542854
302494.73611881793,4123773.010912223
302494.76377740013,4123773.0546701597
302494.78256456053,4123773.098636834
302494.81022314227,4123773.1423947713
302494.82901030465,4123773.186361446
302494.85666888586,4123773.230119383
302494.8843274667,4123773.2738773203
302494.9031146262,4123773.317843996
302494.9307732089,4123773.3616019334
302494.94956036797,4123773.405568607
302494.97721894784,4123773.4493265464
302495.00487752754,4123773.4930844842
302495.0236646882,4123773.537051159
302495.0513232673,4123773.580809097
302495.0789818462,4123773.624567036
302495.097769004,4123773.6685337108
302495.1254275824,4123773.712291649
302495.1442147398,4123773.756258323
302495.1718733199,4123773.800016263
302495.19953189755,4123773.8437742013
302495.2183190543,4123773.887740875
302495.24597763363,4123773.9314988144
302495.26476478996,4123773.9754654905
302495.29242336657,4123774.0192234283
302495.32008194295,4123774.0629813676
302495.33886909863,4123774.1069480437
302495.3665276745,4123774.150705982
302495.3941862523,4123774.1944639212
302495.4129734073,4123774.2384305964
302495.4406319824,4123774.282188536
302495.4594191371,4123774.3261552122
302495.48707771394,4123774.369913151
302495.5147362882,4123774.4136710903
302495.5335234423,4123774.4576377673
302495.5611820161,4123774.501395707
302495.5799691719,4123774.5453623813
302495.60762774525,4123774.5891203214
302495.63528631825,4123774.6328782616
302495.6540734712,4123774.676844937
302495.6817320438,4123774.720602878
302495.70051919634,4123774.7645695526
302495.7281777706,4123774.808327493
302495.7558363424,4123774.8520854344
302495.7746234944,4123774.89605211
302495.8022820679,4123774.9398100507
302495.82994063885,4123774.983567992
302495.8487277902,4123775.0275346674
302495.8763863606,4123775.0712926076
302495.8951735116,4123775.1152592856
302495.92283208156,4123775.1590172253
302495.9504906535,4123775.202775167
302495.9692778038,4123775.2467418425
302495.9969363753,4123775.2904997836
302496.0157235252,4123775.3344664597
302496.0433820939,4123775.3782244013
302496.07104066235,4123775.4219823424
302496.0898278116,4123775.46594902
302496.11748637946,4123775.5097069615
302496.13627353054,4123775.553673637
302496.1636710203,4123775.586335543
302496.1913295875,4123775.6300934847
302496.21011673566,4123775.6740601608
302496.2377753046,4123775.7178181033
302496.26543387107,4123775.7615760453
302496.28422101866,4123775.805542722
302496.31187958457,4123775.849300664
302496.330666734,4123775.8932673414
302496.35832529946,4123775.937025284
302496.38598386466,4123775.9807832264
302496.4047710112,4123776.0247499025
302496.4324295758,4123776.0685078455
302496.451216722,4123776.112474523
302496.4788752862,4123776.156232465
302496.50653385225,4123776.199990408
302496.5253209978,4123776.2439570855
302496.55297956336,4123776.287715028
302496.57176670857,4123776.3316817055
302496.5994252714,4123776.375439649
302496.627083834,4123776.4191975915
302496.6458709786,4123776.4631642685
302496.67352954065,4123776.5069222124
302496.70118810475,4123776.550680156
302496.7199752486,4123776.594646834
302496.7476338099,4123776.638404777
302496.7664209533,4123776.6823714543
302496.79407951643,4123776.7261293987
302496.821738077,4123776.769887342
302496.8405252198,4123776.8138540196
302496.8681837799,4123776.8576119635
302496.88697092456,4123776.901578642
302496.9146294841,4123776.9453365854
302496.94228804344,4123776.9890945293
302496.9610751852,4123777.0330612077
302496.988733744,4123777.076819152
302497.0075208854,4123777.1207858305
302497.03517944587,4123777.1645437735
302497.06283800385,4123777.2083017174
302497.0816251447,4123777.2522683972
302497.1092837044,4123777.296026341
302497.13694226166,4123777.339784285
302497.1557294018,4123777.3837509654
302497.1833879585,4123777.4275089093
302497.20217509824,4123777.471475587
302497.2298336545,4123777.515233533
302497.2574922127,4123777.5589914774
302497.2762793518,4123777.602958157
302497.3039379072,4123777.6467161025
302497.32272504596,4123777.690682781
302497.35038360313,4123777.7344407267
302497.37804215786,4123777.778198672
302497.3968292959,4123777.8221653495
302497.42448785005,4123777.865923295
302497.44327498996,4123777.9098899746
302497.47093354363,4123777.9536479195
302497.4985920971,4123777.9974058657
302497.51737923414,4123778.041372545
302497.545037787,4123778.0851304918
302497.5726963419,4123778.128888437
302497.59148347826,4123778.172855116
302497.61914203037,4123778.2166130627
302497.63792916643,4123778.2605797416
302497.66558772034,4123778.3043376883
302497.6932462717,4123778.3480956336
302497.71203340706,4123778.3920623153
302497.73969195795,4123778.435820261
302497.75847909285,4123778.4797869395
302497.7861376432,4123778.5235448866
302497.81379619555,4123778.567302833
302497.8325833299,4123778.6112695117
302497.8602418795,4123778.6550274603
302497.87876793765,4123778.687898104
302497.906426489,4123778.7316560503
302497.93408503785,4123778.775413997
302497.9528721712,4123778.819380677
302497.9805307195,4123778.8631386245
302498.0081892676,4123778.906896572
302498.0269764025,4123778.950863252
302498.0546349501,4123778.9946211986
302498.07342208235,4123779.038587879
302498.1010806317,4123779.0823458266
302498.12873917853,4123779.126103774
302498.1475263102,4123779.170070455
302498.17518485646,4123779.2138284016
302498.1939719899,4123779.2577950824
302498.2216305357,4123779.301553031
302498.2492890812,4123779.345310979
302498.2680762119,4123779.3892776594
302498.2957347569,4123779.433035608
302498.3145218871,4123779.477002288
302498.3421804316,4123779.520760237
302498.36983897816,4123779.5645181853
302498.3886261077,4123779.6084848647
302498.4162846537,4123779.652242814
302498.4439431972,4123779.6960007623
302498.4627303261,4123779.739967443
302498.4903888691,4123779.783725392
302498.5091759976,4123779.827692074
302498.53683454014,4123779.871450022
302498.56449308235,4123779.9152079714
302498.5832802125,4123779.9591746526
302498.6109387542,4123780.002932601
302498.6297258817,4123780.0468992833
302498.65738442517,4123780.090657232
302498.68504296616,4123780.134415181
302498.703830093,4123780.1783818635
302498.73148863344,4123780.222139812
302498.7591471736,4123780.265897761
302498.77793430205,4123780.3098644433
302498.8055928417,4123780.353622393
302498.8243799675,4123780.3975890744
302498.8520385067,4123780.4413470235
302498.8796970479,4123780.485104973
302498.89848417306,4123780.5290716556
302498.9261427114,4123780.572829605
302498.9449298362,4123780.6167962872
302498.9725883764,4123780.6605542377
302499.000246914,4123780.7043121886
302499.0190340382,4123780.74827887
302499.0466925753,4123780.7920368197
302499.065479699,4123780.8360035033
302499.0931382356,4123780.879761453
302499.1207967743,4123780.923519403
302499.1395838973,4123780.9674860863
302499.16724243324,4123781.0112440363
302499.1949009711,4123781.0550019876
302499.21368809347,4123781.0989686693
302499.2413466285,4123781.1427266193
302499.2601337507,4123781.186693304
302499.28779228526,4123781.2304512537
302499.31545081956,4123781.2742092046
302499.3342379433,4123781.3181758886
302499.36189647706,4123781.3619338404
302499.3806835981,4123781.4059005217
302499.4083421314,4123781.4496584744
302499.4360006667,4123781.4934164262
302499.45478778717,4123781.537383109
302499.48244631966,4123781.5811410607
302499.50123343966,4123781.625107743
302499.5288919739,4123781.668865695
302499.5565505057,4123781.7126236474
302499.57533762505,4123781.7565903296
302499.60273508256,4123781.789252245
302499.6303936136,4123781.833010197
302499.6491807323,4123781.8769768802
302499.6768392651,4123781.920734832
302499.6956263834,4123781.9647015166
302499.72328491346,4123782.0084594684
302499.7509434455,4123782.0522174207
302499.7697305632,4123782.096184104
302499.7973890925,4123782.139942057
302499.8161762098,4123782.183908741
302499.8438347385,4123782.2276666933
302499.871493267,4123782.2714246446
302499.89028038597,4123782.3153913296
302499.9179389139,4123782.359149283
302499.9367260302,4123782.4031159654
302499.9643845577,4123782.446873919
302499.99204308714,4123782.490631873
302500.0108302028,4123782.5345985563
302500.0384887295,4123782.57835651
302500.0661472559,4123782.6221144632
302500.0849343732,4123782.666081148
302500.1125928991,4123782.709839101
302500.1313800138,4123782.753805785
302500.15903853916,4123782.797563739
302500.1866970665,4123782.8413216933
302500.20548417827,4123782.8852883773
302500.23314270517,4123782.9290463305
302500.25192981877,4123782.973013016
302500.2795883452,4123783.0167709687
302500.3072468691,4123783.060528923
302500.326033982,4123783.104495608
302500.3536925054,4123783.148253562
302500.37247961794,4123783.192220247
302500.4001381408,4123783.235978201
302500.42779666337,4123783.2797361556
302500.44658377755,4123783.323702841
302500.4742422997,4123783.367460795
302500.5019008237,4123783.4112187494
302500.52068793506,4123783.4551854366
302500.5483464564,4123783.49894339
302500.5671335673,4123783.5429100753
302500.59479208814,4123783.586668031
302500.62245060864,4123783.630425986
302500.64123772114,4123783.6743926695
302500.6688962412,4123783.7181506255
302500.68768335105,4123783.762117311
302500.71534187056,4123783.8058752655
302500.74300039216,4123783.849633222
302500.76178750134,4123783.893599907
302500.78944602015,4123783.937357862
302500.808233129,4123783.9813245498
302500.8358916495,4123784.0250825034
302500.8635501675,4123784.068840459
302500.88233727566,4123784.1128071463
302500.90999579313,4123784.1565651014
302500.9376543104,4123784.2003230564
302500.9564414179,4123784.2442897432
302500.98409993696,4123784.2880476997
302501.0028870441,4123784.3320143856
302501.03054556035,4123784.3757723407
302501.0582040786,4123784.4195302967
302501.0769911851,4123784.463496984
302501.1046497005,4123784.50725494
302501.12343680667,4123784.551221626
302501.15109532163,4123784.5949795824
302501.1787538363,4123784.6387375398
302501.197540944,4123784.6827042256
302501.2251994582,4123784.7264621826
302501.24398656323,4123784.770428869
302501.2716450769,4123784.8141868263
302501.29930359265,4123784.8579447824
302501.31782962533,4123784.890815432
302501.3454881382,4123784.934573389
302501.3731466509,4123784.9783313465
302501.391933757,4123785.0222980333
302501.4195922692,4123785.0660559908
302501.4383793726,4123785.1100226776
302501.4660378843,4123785.153780636
302501.49369639566,4123785.197538593
302501.5124834985,4123785.2415052797
302501.5401420116,4123785.2852632375
302501.5589291141,4123785.329229925
302501.5865876244,4123785.3729878822
302501.61424613674,4123785.416745841
302501.6330332386,4123785.460712529
302501.66069174826,4123785.504470486
302501.6794788495,4123785.5484371725
302501.7071373587,4123785.5921951314
302501.7347958676,4123785.6359530897
302501.7535829705,4123785.679919777
302501.78124147886,4123785.7236777353
302501.8088999869,4123785.7674356946
302501.827687087,4123785.8114023814
302501.85534559685,4123785.8551603407
302501.87413269654,4123785.899127028
302501.90179120365,4123785.9428849868
302501.9294497104,4123785.986642946
302501.9482368118,4123786.0306096347
302501.975895318,4123786.0743675926
302501.9946824168,4123786.1183342817
302502.02234092256,4123786.162092241
302502.0499994281,4123786.205850199
302502.0687865261,4123786.249816887
302502.0964450333,4123786.2935748463
302502.115232131,4123786.337541534
302502.14289063774,4123786.381299494
302502.170549142,4123786.425057454
302502.189336239,4123786.4690241423
302502.21699474275,4123786.5127821015
302502.24465324625,4123786.5565400613
302502.2634403426,4123786.6005067504
302502.29109884566,4123786.644264711
302502.3098859438,4123786.688231399
302502.3375444463,4123786.731989359
302502.3652029508,4123786.7757473197
302502.38399004604,4123786.819714008
302502.41164854774,4123786.8634719686
302502.43043564266,4123786.9074386577
302502.4580941439,4123786.9511966174
302502.4857526449,4123786.9949545776
302502.50453974144,4123787.038921267
302502.53219824185,4123787.0826792275
302502.559856742,4123787.126437188
302502.5786438356,4123787.1704038773
302502.6063023375,4123787.2141618375
302502.6250894285,4123787.258128528
302502.6527479299,4123787.3018864887
302502.6804064289,4123787.345644449
302502.69919352373,4123787.389611139
302502.7268520221,4123787.4333691006
302502.7456391143,4123787.4773357892
302502.7732976122,4123787.521093751
302502.8009561099,4123787.564851712
302502.8197432014,4123787.608818402
302502.8474017008,4123787.6525763622
302502.86618879193,4123787.696543053
302502.89384728856,4123787.7403010135
302502.9215057872,4123787.784058976
302502.9402928777,4123787.8280256656
302502.96795137355,4123787.8717836267
302502.99560986913,4123787.9155415907
302503.01439695904,4123787.95950828
302503.04179438436,4123787.992170205
302503.0605814762,4123788.036136895
302503.0882399708,4123788.079894858
302503.11589846516,4123788.12365282
302503.13468555396,4123788.16761951
302503.1623440501,4123788.2113774726
302503.1811311386,4123788.255344164
302503.20878963196,4123788.2991021257
302503.236448125,4123788.3428600878
302503.25523521507,4123788.386826779
302503.2828937076,4123788.430584742
302503.30168079503,4123788.474551432
302503.3293392871,4123788.5183093953
302503.35699777893,4123788.5620673597
302503.3757848658,4123788.6060340498
302503.4034433593,4123788.6497920128
302503.43110185035,4123788.6935499758
302503.44988893653,4123788.7375166668
302503.47754742927,4123788.78127463
302503.4963345151,4123788.825241321
302503.5239930051,4123788.8689992838
302503.5516514948,4123788.912757248
302503.57043858,4123788.9567239396
302503.5980970692,4123789.000481902
302503.61688415625,4123789.044448594
302503.64454264496,4123789.0882065585
302503.67220113345,4123789.131964522
302503.6909882176,4123789.175931213
302503.7186467078,4123789.219689178
302503.7374337915,4123789.2636558693
302503.76509227895,4123789.3074138337
302503.79275076615,4123789.3511717976
302503.81153785146,4123789.39513849
302503.8391963382,4123789.4388964544
302503.8668548246,4123789.4826544183
302503.88564190705,4123789.52662111
302503.913300393,4123789.570379075
302503.9320874751,4123789.614345766
302503.95974596275,4123789.658103731
302503.98740444786,4123789.701861696
302504.00619153155,4123789.7458283883
302504.03385001613,4123789.7895863527
302504.05263709713,4123789.833553045
302504.08029558125,4123789.87731101
302504.1079540652,4123789.9210689757
302504.12674114556,4123789.965035668
302504.1543996289,4123790.008793633
302504.1731867112,4123790.0527603263
302504.20084519405,4123790.096518291
302504.22850367887,4123790.1402762565
302504.2472907583,4123790.1842429494
302504.2749492404,4123790.228000915
302504.3026077221,4123790.27175888
302504.3213948009,4123790.3157255733
302504.3490532822,4123790.359483539
302504.3678403627,4123790.4034502315
302504.3954988436,4123790.4472081983
302504.42315732414,4123790.4909661645
302504.4419444018,4123790.5349328564
302504.46960288414,4123790.5786908236
302504.48838995915,4123790.6226575165
302504.51604844094,4123790.666415482
302504.54370692023,4123790.7101734504
302504.56249399914,4123790.754140143
302504.59015247785,4123790.7978981086
302504.60893955413,4123790.8418648033
302504.63659803243,4123790.8856227696
302504.66425651044,4123790.9293807363
302504.68304358603,4123790.9733474297
302504.7107020658,4123791.0171053954
302504.73836054304,4123791.0608633645
302504.75714761805,4123791.104830057
302504.7845450293,4123791.137491988
302504.8033321039,4123791.1814586823
302504.83099058014,4123791.22521665
302504.8586490562,4123791.268974616
302504.87743613013,4123791.312941311
302504.90509460564,4123791.3566992786
302504.9238816814,4123791.400665972
302504.9515401564,4123791.444423939
302504.97919863113,4123791.4881819063
302504.997985704,4123791.5321486015
302505.0256441805,4123791.5759065687
302505.04443125305,4123791.619873264
302505.07208972675,4123791.6636312306
302505.0997482002,4123791.707389199
302505.1185352743,4123791.751355894
302505.1461937473,4123791.795113862
302505.17385221994,4123791.83887183
302505.1926392912,4123791.882838525
302505.22029776336,4123791.9265964935
302505.23908483423,4123791.9705631873
302505.2667433081,4123792.014321157
302505.29440177954,4123792.0580791254
302505.3131888498,4123792.102045819
302505.34084732295,4123792.1458037877
302505.3596343928,4123792.1897704834
302505.38729286316,4123792.2335284525
302505.4149513333,4123792.277286421
302505.43373840244,4123792.3212531162
302505.46139687207,4123792.3650110858
302505.48018394306,4123792.4089777805
302505.5078424122,4123792.45273575
302505.5355008811,4123792.496493719
302505.5542879492,4123792.5404604147
302505.58194641984,4123792.5842183838
302505.6096048879,4123792.6279763537
302505.6283919554,4123792.671943048
302505.65605042304,4123792.715701019
302505.6748374924,4123792.759667714
302505.7024959595,4123792.803425683
302505.7301544263,4123792.847183652
302505.74894149275,4123792.8911503493
302505.776599959,4123792.9349083193
302505.7953870251,4123792.9788750145
302505.82304549316,4123793.022632985
302505.8507039587,4123793.066390955
302505.8694910242,4123793.1103576515
302505.8971494915,4123793.154115621
302505.9248079562,4123793.1978735924
302505.94359502103,4123793.2418402885
302505.97125348524,4123793.285598259
302505.99004054966,4123793.3295649546
302506.01769901346,4123793.373322926
302506.04535747913,4123793.417080897
302506.0641445429,4123793.4610475935
302506.0918030082,4123793.5048055635
302506.1105900693,4123793.54877226
302506.13824853406,4123793.592530232
302506.16590699623,4123793.6362882024
302506.18469405896,4123793.6802548985
302506.2123525207,4123793.72401287
302506.23113958526,4123793.7679795674
302506.2587980465,4123793.811737538
302506.28645650746,4123793.855495509
302506.30524356914,4123793.899462207
302506.33290203183,4123793.943220178
302506.360560492,4123793.9869781495
302506.37934755307,4123794.030944847
302506.40700601274,4123794.0747028193
302506.4257930757,4123794.1186695155
302506.45345153485,4123794.1624274873
302506.48110999377,4123794.2061854596
302506.49963598803,4123794.2390561206
302506.5272944465,4123794.2828140934
302506.5460815062,4123794.32678079
302506.57373996405,4123794.3705387623
302506.601398424,4123794.4142967355
302506.6201854831,4123794.458263432
302506.6478439424,4123794.5020214054
302506.66663100105,4123794.545988103
302506.6942894577,4123794.589746076
302506.7219479141,4123794.633504048
302506.74073497206,4123794.6774707455
302506.76839342795,4123794.7212287197
302506.7960518858,4123794.7649866915
302506.81483894313,4123794.8089533886
302506.84249739826,4123794.852711363
302506.86128445517,4123794.89667806
302506.8889429121,4123794.9404360345
302506.91660136636,4123794.9841940072
302506.9353884227,4123795.0281607057
302506.9630468765,4123795.0719186794
302506.9818339347,4123795.115885377
302507.00949238805,4123795.159643351
302507.0371508411,4123795.203401325
302507.05593789637,4123795.247368023
302507.0835963489,4123795.291125997
302507.1023834038,4123795.3350926945
302507.1300418582,4123795.3788506687
302507.1577003099,4123795.422608643
302507.1764873641,4123795.466575341
302507.2041458177,4123795.5103333164
302507.23180426867,4123795.554091291
302507.2505913223,4123795.598057988
302507.27824977285,4123795.6418159627
302507.297036826,4123795.685782662
302507.32469527604,4123795.7295406368
302507.352353728,4123795.7732986114
302507.3711407806,4123795.8172653103
302507.3987992299,4123795.8610232854
302507.417586282,4123795.9049899834
302507.445244733,4123795.948747959
302507.47290318145,4123795.9925059346
302507.491690233,4123796.036472634
302507.519348681,4123796.0802306086
302507.53813573444,4123796.1241973075
302507.5657941819,4123796.167955283
302507.59345262905,4123796.211713258
302507.61223967955,4123796.2556799576
302507.63989812625,4123796.299437933
302507.6675565749,4123796.3431959082
302507.68634362484,4123796.387162609
302507.7140020707,4123796.4309205846
302507.7327891202,4123796.474887284
302507.76044756785,4123796.51864526
302507.788106013,4123796.5624032365
302507.80689306185,4123796.6063699354
302507.83455150644,4123796.650127911
302507.85333855497,4123796.694094612
302507.88099699904,4123796.737852588
302507.9086554452,4123796.781610563
302507.927442493,4123796.8255772637
302507.95510093856,4123796.86933524
302507.97388798377,4123796.91330194
302508.0015464289,4123796.9570599166
302508.0292048715,4123797.000817893
302508.0479919183,4123797.0447845943
302508.0756503603,4123797.088542571
302508.1033088022,4123797.1323005473
302508.12209585065,4123797.1762672476
302508.14975429187,4123797.2200252255
302508.1685413376,4123797.2639919254
302508.19619977847,4123797.307749903
302508.2235971576,4123797.3404118433
302508.2423842028,4123797.384378544
302508.27004264283,4123797.4281365206
302508.2888296897,4123797.4721032213
302508.3164881294,4123797.5158611997
302508.3441465687,4123797.5596191767
302508.3629336128,4123797.6035858775
302508.39059205155,4123797.6473438554
302508.4093790952,4123797.6913105566
302508.4370375335,4123797.7350685345
302508.4646959738,4123797.7788265124
302508.48348301684,4123797.822793213
302508.51114145666,4123797.8665511925
302508.5387998939,4123797.9103091704
302508.5575869364,4123797.954275871
302508.5852453731,4123797.9980338495
302508.6040324151,4123798.0420005512
302508.6316908514,4123798.0857585296
302508.6593492896,4123798.1295165075
302508.67813633103,4123798.173483209
302508.70579476655,4123798.2172411885
302508.7245818075,4123798.261207889
302508.75224024476,4123798.3049658677
302508.77989867947,4123798.3487238474
302508.79868571984,4123798.392690549
302508.8263441541,4123798.4364485275
302508.8451311962,4123798.48041523
302508.87278962997,4123798.5241732104
302508.9004480634,4123798.5679311883
302508.9192351027,4123798.611897891
302508.94689353567,4123798.6556558693
302508.9745519706,4123798.699413849
302508.99333900923,4123798.7433805508
302509.0209974414,4123798.7871385305
302509.0397844797,4123798.831105232
302453.9204597891,4123699.364700761
302509.06744291366,4123798.874863213
