302589.4199901116,4124098.1197250313
302589.42022076517,4124098.0696687326
302589.42045141873,4124098.0196124306
302589.4206820723,4124097.9695561253
302589.42091272585,4124097.919499825
302589.4211433794,4124097.869443526
302589.42137403303,4124097.8193872236
302589.42160468665,4124097.769330918
302589.4218353402,4124097.7192746177
302589.4220659938,4124097.6692183185
302589.42229664733,4124097.61916202
302589.4225273009,4124097.5691057174
302589.42275795445,4124097.519049412
302589.422988608,4124097.468993112
302589.4232192616,4124097.4189368133
302589.42344991514,4124097.368880514
302589.42368056875,4124097.318824212
302589.4239112224,4124097.2687679064
302589.42414187593,4124097.218711606
302589.4243725295,4124097.168655307
302589.42460318306,4124097.118599005
302589.4248338366,4124097.0685426993
302589.4250644902,4124097.0184863987
302589.42529514374,4124096.9684301
302589.4255257973,4124096.9183738013
302589.4257564509,4124096.868317499
302589.42598710454,4124096.8182611936
302589.4262177581,4124096.7682048935
302589.42644841166,4124096.7181485943
302589.4266790652,4124096.6680922955
302589.4269097188,4124096.6180359935
302589.42714037234,4124096.567979688
302589.4273710259,4124096.5179233872
302589.42760167946,4124096.4678670885
302589.4278323331,4124096.4178107865
302589.4280629867,4124096.367754481
302589.42829364026,4124096.31769818
302589.4285242938,4124096.2676418815
302589.4287549474,4124096.2175855823
302589.42898560094,4124096.1675292803
302589.4292162545,4124096.117472975
302589.42944690806,4124096.067416675
302589.4296775616,4124096.0173603757
302589.4299082152,4124095.967304077
302589.4301388688,4124095.9172477745
302589.4303695224,4124095.867191469
302589.430600176,4124095.8171351687
302589.43083082954,4124095.76707887
302589.4310614831,4124095.7170225675
302589.43129213667,4124095.666966262
302589.4315227902,4124095.6169099617
302589.4317534438,4124095.566853663
302589.43198409735,4124095.5167973638
302589.43221475097,4124095.466741062
302589.4324454046,4124095.416684756
302589.43267605815,4124095.366628456
302589.4329067117,4124095.3165721567
302589.43313736527,4124095.266515858
302589.4333680188,4124095.2164595556
302589.4335986724,4124095.1664032503
302589.43382932595,4124095.11634695
302589.4340599795,4124095.0662906514
302589.43429063313,4124095.016234349
302589.43452128675,4124094.9661780433
302589.4347519403,4124094.916121743
302589.43498259387,4124094.866065444
302589.43521324743,4124094.816009145
302589.435443901,4124094.7659528432
302589.43567455455,4124094.7158965375
302589.4359052081,4124094.665840237
302589.4361358617,4124094.615783938
302589.4363665153,4124094.565727636
302589.4365971689,4124094.5156713305
302589.4368278225,4124094.46561503
302589.43705847603,4124094.415558731
302589.4372891296,4124094.365502432
302589.43751978315,4124094.31544613
302589.4377504367,4124094.2653898248
302589.4379810903,4124094.2153335246
302589.43821174384,4124094.1652772254
302589.4384423974,4124094.1152209267
302589.438673051,4124094.0651646242
302589.43890370463,4124094.0151083185
302589.4391343582,4124093.9650520184
302589.43936501176,4124093.9149957197
302589.4395956653,4124093.864939417
302589.4398263189,4124093.8148831115
302589.44005697244,4124093.7648268114
302589.440287626,4124093.7147705127
302589.44051827956,4124093.6647142135
302589.4407489332,4124093.6146579115
302589.4409795868,4124093.5646016058
302589.44121024036,4124093.5145453056
302589.4414408939,4124093.4644890064
302589.4416715475,4124093.4144327077
302589.44190220104,4124093.3643764053
302589.4421328546,4124093.3143201
302589.44236350816,4124093.2642638
302589.4425941617,4124093.214207501
302589.44282481534,4124093.1641511987
302589.44305546896,4124093.114094893
302589.4432861225,4124093.064038593
302589.4435167761,4124093.0139822937
302589.44374742964,4124092.963925995
302589.4439780832,4124092.913869693
302589.44420873676,4124092.863813387
302589.4444393903,4124092.8137570866
302589.4446700439,4124092.763700788
302589.44490069745,4124092.713644489
302589.44513135107,4124092.6635881867
302589.4453620047,4124092.6135318815
302589.44559265825,4124092.5634755814
302589.4458233118,4124092.513419282
302589.44605396537,4124092.4633629797
302589.4462846189,4124092.4133066745
302589.4465152725,4124092.3632503743
302589.44674592605,4124092.313194075
302589.4469765796,4124092.2631377764
302589.4472072332,4124092.213081474
302589.44743788685,4124092.1630251682
302589.4476685404,4124092.112968868
302589.44789919397,4124092.0629125694
302589.44812984753,4124092.01285627
302589.4483605011,4124091.962799968
302589.44859115465,4124091.912743663
302589.4488218082,4124091.862687363
302589.4490524618,4124091.8126310636
302589.4492831154,4124091.762574761
302589.449513769,4124091.7125184555
302589.44974442257,4124091.6624621553
302589.44997507613,4124091.612405856
302589.4502057297,4124091.5623495574
302589.45043638325,4124091.512293255
302589.4506670368,4124091.4622369497
302589.4508976904,4124091.4121806496
302589.45112834394,4124091.362124351
302589.4513589975,4124091.3120680517
302589.4515896511,4124091.2620117497
302589.45182030473,4124091.211955444
302589.4520509583,4124091.1618991434
302589.45228161186,4124091.1118428446
302589.4525122654,4124091.0617865426
302589.452742919,4124091.011730237
302589.45297357254,4124090.9616739363
302589.4532042261,4124090.9116176376
302589.45343487966,4124090.861561339
302589.4536655333,4124090.8115050364
302589.4538961869,4124090.761448731
302589.45412684046,4124090.711392431
302589.454357494,4124090.661336132
302589.4545881476,4124090.6112798294
302589.45481880114,4124090.561223524
302589.4550494547,4124090.511167224
302589.45528010826,4124090.461110925
302589.4555107618,4124090.411054626
302589.45574141544,4124090.3609983237
302589.45597206906,4124090.310942018
302589.4562027226,4124090.260885718
302589.4564333762,4124090.210829419
302589.45666402974,4124090.16077312
302589.4568946833,4124090.110716818
302589.45712533686,4124090.0606605127
302589.4573559904,4124090.0106042125
302589.457586644,4124089.9605479133
302589.4578172976,4124089.910491611
302589.4580479512,4124089.860435305
302589.4582786048,4124089.810379005
302589.45850925834,4124089.760322706
302589.4587399119,4124089.710266407
302589.45897056547,4124089.6602101047
302589.459201219,4124089.6101537994
302589.4594318726,4124089.5600974993
302589.45966252615,4124089.5100412006
302589.4598931797,4124089.4599849014
302589.4601238333,4124089.4099285994
302589.46035448695,4124089.3598722937
302589.4605851405,4124089.309815993
302589.46081579407,4124089.2597596943
302589.4610464476,4124089.2097033923
302589.4612771012,4124089.1596470866
302589.46150775475,4124089.109590786
302589.4617384083,4124089.0595344873
302589.4619690619,4124089.0094781886
302589.4621997155,4124088.959421886
302589.4624303691,4124088.909365581
302589.46266102267,4124088.8593092808
302589.46289167623,4124088.8092529816
302589.4631223298,4124088.759196683
302589.46335298335,4124088.709140381
302589.4635836369,4124088.659084075
302589.4638142905,4124088.6090277745
302589.46404494403,4124088.558971476
302589.46427559765,4124088.5089151734
302589.4645062513,4124088.4588588676
302589.46473690483,4124088.4088025675
302589.4649675584,4124088.358746269
302589.46519821195,4124088.3086899696
302589.4654288655,4124088.2586336676
302589.4656595191,4124088.2085773624
302589.46589017264,4124088.158521062
302589.4661208262,4124088.108464763
302589.46635147976,4124088.0584084643
302589.4665821334,4124088.008352162
302589.466812787,4124087.958295856
302589.46704344056,4124087.908239556
302589.4672740941,4124087.8581832573
302589.4675047477,4124087.808126955
302589.46773540124,4124087.758070649
302589.4679660548,4124087.708014349
302589.46819670836,4124087.65795805
302589.4684273619,4124087.607901751
302589.46865801554,4124087.557845449
302589.46888866916,4124087.5077891434
302589.4691193227,4124087.457732843
302589.4693499763,4124087.407676544
302589.46958062984,4124087.357620242
302589.4698112834,4124087.3075639363
302589.47004193696,4124087.2575076357
302589.4702725905,4124087.207451337
302589.4705032441,4124087.1573950383
302589.4707338977,4124087.107338736
302589.4709645513,4124087.0572824306
302589.4711952049,4124087.0072261305
302589.47142585844,4124086.9571698313
302589.471656512,4124086.9071135325
302589.47188716556,4124086.8570572305
302589.4721178191,4124086.807000925
302589.4723484727,4124086.7569446242
302589.47257912625,4124086.7068883255
302589.47280977987,4124086.656832023
302589.4730404335,4124086.6067757173
302589.47327108704,4124086.556719417
302589.4735017406,4124086.5066631185
302589.47373239417,4124086.4566068193
302589.4739630477,4124086.4065505173
302589.4741937013,4124086.356494212
302589.47442435485,4124086.306437912
302589.4746550084,4124086.2563816127
302589.47488566197,4124086.206325314
302589.4751163156,4124086.1562690116
302589.4753469692,4124086.106212706
302589.47557762277,4124086.0561564057
302589.47580827633,4124086.006100107
302589.4760389299,4124085.9560438045
302589.47626958345,4124085.905987499
302589.476500237,4124085.8559311987
302589.4767308906,4124085.8058748995
302589.47696154413,4124085.7558186008
302589.47719219775,4124085.705762299
302589.47742285137,4124085.655705993
302589.47765350493,4124085.6056496925
302589.4778841585,4124085.5555933937
302589.47811481205,4124085.505537095
302589.4783454656,4124085.4554807926
302589.4785761192,4124085.4054244873
302589.47880677273,4124085.355368187
302589.4790374263,4124085.305311888
302589.4792680799,4124085.2552555855
302589.47949873353,4124085.2051992803
302589.4797293871,4124085.15514298
302589.47996004065,4124085.105086681
302589.4801906942,4124085.0550303822
302589.4804213478,4124085.0049740802
302589.48065200134,4124084.9549177745
302589.4808826549,4124084.904861474
302589.48111330846,4124084.854805175
302589.481343962,4124084.8047488765
302589.48157461564,4124084.754692574
302589.48180526926,4124084.704636269
302589.4820359228,4124084.6545799687
302589.4822665764,4124084.6045236695
302589.48249722994,4124084.554467367
302589.4827278835,4124084.5044110618
302589.48295853706,4124084.4543547616
302589.4831891906,4124084.4042984624
302589.4834198442,4124084.3542421637
302589.4836504978,4124084.3041858613
302589.4838811514,4124084.2541295555
302589.484111805,4124084.2040732554
302589.48434245854,4124084.1540169567
302589.4845731121,4124084.103960654
302589.48480376566,4124084.0539043485
302589.4850344192,4124084.0038480484
302589.4852650728,4124083.953791749
302589.48549572635,4124083.9037354505
302589.48572637996,4124083.8536791485
302589.4859570336,4124083.8036228428
302589.48618768714,4124083.753566542
302589.4864183407,4124083.7035102434
302589.48664899427,4124083.6534539447
302589.4868796478,4124083.6033976423
302589.4871103014,4124083.553341337
302589.48734095495,4124083.503285037
302589.4875716085,4124083.4532287377
302589.4878022621,4124083.4031724352
302589.48803291575,4124083.35311613
302589.4882635693,4124083.30305983
302589.48849422287,4124083.2530035307
302589.4887248764,4124083.202947232
302589.48895553,4124083.15289093
302589.48918618355,4124083.1028346242
302589.4894168371,4124083.0527783236
302589.4896474907,4124083.002722025
302589.48987814423,4124082.952665726
302589.49010879785,4124082.9026094237
302589.49033945147,4124082.8525531185
302589.49057010503,4124082.8024968184
302589.4908007586,4124082.752440519
302589.49103141215,4124082.7023842167
302589.4912620657,4124082.6523279115
302589.4914927193,4124082.6022716113
302589.49172337283,4124082.552215312
302589.4919540264,4124082.5021590134
302589.49218468,4124082.452102711
302589.49241533363,4124082.4020464052
302589.4926459872,4124082.351990105
302589.49287664075,4124082.3019338064
302589.4931072943,4124082.251877507
302589.4933379479,4124082.201821205
302589.49356860144,4124082.1517648995
302589.493799255,4124082.1017085994
302589.49402990856,4124082.0516523
302589.4942605622,4124082.001595998
302589.4944912158,4124081.9515396925
302589.49472186936,4124081.901483392
302589.4949525229,4124081.851427093
302589.4951831765,4124081.8013707944
302589.49541383004,4124081.751314492
302589.4956444836,4124081.7012581867
302589.49587513716,4124081.6512018866
302589.4961057907,4124081.6011455874
302589.4963364443,4124081.5510892887
302589.4965670979,4124081.5010329867
302589.4967977515,4124081.450976681
302589.4970284051,4124081.4009203804
302589.49725905864,4124081.3508640816
302589.4974897122,4124081.3008077797
302589.49772036576,4124081.250751474
302589.4979510193,4124081.2006951733
302589.4981816729,4124081.1506388746
302589.49841232644,4124081.100582576
302589.49864298006,4124081.0505262734
302589.4988736337,4124081.000469968
302589.49910428724,4124080.950413668
302589.4993349408,4124080.900357369
302589.49956559436,4124080.85030107
302589.4997962479,4124080.800244768
302589.5000269015,4124080.7501884624
302589.50025755505,4124080.700132162
302589.5004882086,4124080.650075863
302589.5007188622,4124080.6000195607
302589.50094951584,4124080.549963255
302589.5011801694,4124080.499906955
302589.50141082297,4124080.449850656
302589.5016414765,4124080.399794357
302589.5018721301,4124080.349738055
302589.50210278365,4124080.299681749
302589.5023334372,4124080.249625449
302589.50256409077,4124080.19956915
302589.5027947444,4124080.149512848
302589.503025398,4124080.099456542
302589.50325605157,4124080.0494002416
302589.5034867051,4124079.999343943
302589.5037173587,4124079.949287644
302589.50394801225,4124079.8992313417
302589.5041786658,4124079.8491750364
302589.5044093194,4124079.7991187363
302589.50463997293,4124079.749062437
302589.5048706265,4124079.6990061384
302589.5051012801,4124079.6489498364
302589.50533193373,4124079.5988935307
302589.5055625873,4124079.54883723
302589.50579324085,4124079.4987809313
302589.5060238944,4124079.4487246294
302589.506254548,4124079.3986683236
302589.50648520153,4124079.348612023
302589.5067158551,4124079.2985557243
302589.50694650866,4124079.248499425
302589.5071771623,4124079.198443123
302589.5074078159,4124079.148386818
302589.50763846945,4124079.0983305178
302589.507869123,4124079.0482742186
302589.5080997766,4124078.99821792
302589.50833043014,4124078.948161618
302589.5085610837,4124078.898105312
302589.50879173726,4124078.8480490115
302589.5090223908,4124078.797992713
302589.50925304444,4124078.7479364104
302589.50948369806,4124078.6978801046
302589.5097143516,4124078.6478238045
302589.5099450052,4124078.597767506
302589.51017565874,4124078.5477112066
302589.5104063123,4124078.4976549046
302589.51063696586,4124078.447598599
302589.5108676194,4124078.397542299
302589.511098273,4124078.3474859996
302589.51132892654,4124078.297429701
302589.51155958016,4124078.2473733984
302589.5117902338,4124078.197317093
302589.51202088734,4124078.147260793
302589.5122515409,4124078.0972044943
302589.51248219446,4124078.047148192
302589.512712848,4124077.997091886
302589.5129435016,4124077.947035586
302589.51317415514,4124077.896979287
302589.5134048087,4124077.846922988
302589.5136354623,4124077.796866686
302589.51386611594,4124077.7468103804
302589.5140967695,4124077.69675408
302589.51432742306,4124077.646697781
302589.5145580766,4124077.5966414823
302589.5147887302,4124077.54658518
302589.51501938375,4124077.4965288746
302589.5152500373,4124077.4464725745
302589.51548069087,4124077.3964162753
302589.5157113445,4124077.346359973
302589.5159419981,4124077.2963036676
302589.51617265167,4124077.2462473675
302589.5164033052,4124077.1961910683
302589.5166339588,4124077.1461347695
302589.51686461235,4124077.0960784676
302589.5170952659,4124077.046022162
302589.51732591947,4124076.9959658612
302589.51755657303,4124076.9459095625
302589.51778722665,4124076.89585326
302589.51801788027,4124076.8457969544
302589.51824853383,4124076.795740654
302589.5184791874,4124076.7456843555
302589.51870984095,4124076.6956280563
302589.5189404945,4124076.6455717543
302589.5191711481,4124076.5955154486
302589.51940180163,4124076.5454591485
302589.5196324552,4124076.4954028493
302589.51986310876,4124076.4453465506
302589.5200937624,4124076.395290248
302589.520324416,4124076.345233943
302589.52055506955,4124076.2951776427
302589.5207857231,4124076.245121344
302589.5210163767,4124076.1950650415
302589.52124703024,4124076.145008736
302589.5214776838,4124076.0949524357
302589.52170833736,4124076.0448961365
302589.5219389909,4124075.994839838
302589.52216964454,4124075.944783536
302589.52240029816,4124075.89472723
302589.5226309517,4124075.8446709295
302589.5228616053,4124075.7946146308
302589.52309225884,4124075.744558332
302589.5233229124,4124075.6945020296
302589.52355356596,4124075.6444457243
302589.5237842195,4124075.594389424
302589.5240148731,4124075.544333125
302589.5242455267,4124075.4942768225
302589.5244761803,4124075.4442205173
302589.5247068339,4124075.394164217
302589.52493748744,4124075.344107918
302589.525168141,4124075.2940516192
302589.52539879456,4124075.2439953173
302589.5256294481,4124075.1939390115
302589.5258601017,4124075.143882711
302589.52609075524,4124075.093826412
302589.5263214088,4124075.043770113
302589.5265520624,4124074.993713811
302589.52678271604,4124074.943657506
302589.5270133696,4124074.8936012057
302589.52724402316,4124074.8435449065
302589.5274746767,4124074.793488604
302589.5277053303,4124074.7434322983
302589.52793598385,4124074.693375998
302589.5281666374,4124074.643319699
302589.52839729097,4124074.5932634003
302589.5286279446,4124074.543207098
302589.5288585982,4124074.4931507926
302589.52908925177,4124074.4430944924
302589.5293199053,4124074.3930381937
302589.5295505589,4124074.3429818945
302589.52978121245,4124074.2929255925
302589.530011866,4124074.242869287
302589.53024251957,4124074.1928129867
302589.53047317313,4124074.1427566875
302589.53070382675,4124074.0927003855
302589.53093448037,4124074.04264408
302589.5311651339,4124073.992587779
302589.5313957875,4124073.9425314805
302589.53162644105,4124073.8924751817
302589.5318570946,4124073.8424188793
302589.5320877482,4124073.792362574
302589.53231840173,4124073.742306274
302589.5325490553,4124073.6922499747
302589.5327797089,4124073.6421936722
302589.53301036253,4124073.592137367
302589.5332410161,4124073.542081067
302589.53347166965,4124073.4920247677
302589.5337023232,4124073.441968469
302589.5339329768,4124073.3919121665
302589.53416363033,4124073.341855861
302589.5343942839,4124073.2917995607
302589.53462493746,4124073.241743262
302589.534855591,4124073.1916869627
302589.53508624464,4124073.1416306607
302589.53531689825,4124073.0915743555
302589.5355475518,4124073.0415180554
302589.5357782054,4124072.991461756
302589.53600885894,4124072.9414054537
302589.5362395125,4124072.891349148
302589.53647016606,4124072.841292848
302589.5367008196,4124072.7912365487
302589.5369314732,4124072.74118025
302589.5371621268,4124072.6911239475
302589.5373927804,4124072.6410676423
302589.537623434,4124072.591011342
302589.53785408754,4124072.5409550434
302589.5380847411,4124072.490898744
302589.53831539466,4124072.440842442
302589.5385460482,4124072.3907861365
302589.5387767018,4124072.3407298364
302589.53900735534,4124072.290673537
302589.53923800896,4124072.240617235
302589.5394686626,4124072.1905609295
302589.53969931614,4124072.140504629
302589.5399299697,4124072.09044833
302589.54016062326,4124072.0403920314
302589.5403912768,4124071.990335729
302589.5406219304,4124071.9402794237
302589.54085258394,4124071.8902231236
302589.5410832375,4124071.8401668244
302589.54131389107,4124071.7901105257
302589.5415445447,4124071.7400542237
302589.5417751983,4124071.689997918
302589.54200585186,4124071.6399416174
302589.5422365054,4124071.5898853187
302589.542467159,4124071.539829016
302589.54269781255,4124071.4897727105
302589.5429284661,4124071.4397164104
302589.54315911967,4124071.3896601116
302589.54338977323,4124071.3396038124
302589.54362042685,4124071.2895475104
302589.54385108047,4124071.239491205
302589.544081734,4124071.189434905
302589.5443123876,4124071.139378606
302589.54454304115,4124071.089322307
302589.5447736947,4124071.0392660047
302589.54500434827,4124070.989209699
302589.54523500183,4124070.939153399
302589.5454656554,4124070.8890971
302589.545696309,4124070.8390407977
302589.54592696263,4124070.788984492
302589.5461576162,4124070.738928192
302589.54638826975,4124070.688871893
302589.5466189233,4124070.638815594
302589.5468495769,4124070.588759292
302589.54708023043,4124070.538702986
302589.547310884,4124070.488646686
302589.54754153755,4124070.438590387
302589.5477721911,4124070.388534088
302589.54800284473,4124070.3384777857
302589.54823349835,4124070.2884214805
302589.5484641519,4124070.2383651803
302589.5486948055,4124070.188308881
302589.54892545904,4124070.1382525787
302589.5491561126,4124070.0881962734
302589.54938676616,4124070.0381399733
302589.5496174197,4124069.988083674
302589.5498480733,4124069.9380273754
302589.5500787269,4124069.8879710734
302589.5503093805,4124069.8379147677
302589.5505400341,4124069.787858467
302589.55077068764,4124069.7378021684
302589.5510013412,4124069.687745866
302589.55123199476,4124069.63768956
302589.5514626483,4124069.58763326
302589.5516933019,4124069.5375769613
302589.55192395544,4124069.487520662
302589.55215460906,4124069.43746436
302589.5523852627,4124069.387408055
302589.55261591624,4124069.337351755
302589.5528465698,4124069.2872954556
302589.55307722336,4124069.237239157
302589.5533078769,4124069.1871828544
302589.5535385305,4124069.1371265487
302589.55376918404,4124069.0870702486
302589.5539998376,4124069.03701395
302589.5542304912,4124068.9869576474
302589.55446114484,4124068.9369013417
302589.5546917984,4124068.8868450415
302589.55492245196,4124068.836788743
302589.5551531055,4124068.7867324436
302589.5553837591,4124068.7366761416
302589.55561441265,4124068.686619836
302589.5558450662,4124068.636563536
302589.55607571977,4124068.5865072366
302589.5563063733,4124068.536450938
302589.55653702695,4124068.4863946354
302589.55676768057,4124068.43633833
302589.5569983341,4124068.38628203
302589.5572289877,4124068.336225731
302589.55745964125,4124068.2861694284
302589.5576902948,4124068.236113123
302589.55792094837,4124068.186056823
302589.55815160193,4124068.136000524
302589.5583822555,4124068.085944225
302589.5586129091,4124068.035887923
302589.5588435627,4124067.9858316174
302589.5590742163,4124067.935775317
302589.55930486985,4124067.885719018
302589.5595355234,4124067.8356627193
302589.559766177,4124067.785606417
302589.55999683053,4124067.7355501116
302589.5602274841,4124067.6854938115
302589.56045813765,4124067.6354375123
302589.5606887913,4124067.58538121
302589.5609194449,4124067.5353249046
302589.56115009845,4124067.4852686045
302589.561380752,4124067.4352123053
302589.5616114056,4124067.3851560066
302589.56184205913,4124067.335099704
302589.5620727127,4124067.2850433984
302589.56230336626,4124067.2349870983
302589.5625340198,4124067.1849307995
302589.5627646734,4124067.1348745003
302589.562995327,4124067.0848181983
302589.5632259806,4124067.034761893
302589.5634566342,4124066.984705593
302589.56368728774,4124066.934649294
302589.5639179413,4124066.8845929913
302589.56414859486,4124066.8345366856
302589.5643792484,4124066.7844803855
302589.564609902,4124066.7344240863
302589.56484055554,4124066.6843677876
302589.56507120916,4124066.634311485
302589.5653018628,4124066.58425518
302589.56553251634,4124066.5341988797
302589.5657631699,4124066.4841425805
302589.56599382346,4124066.434086278
302589.566224477,4124066.384029973
302589.5664551306,4124066.3339736727
302589.56668578414,4124066.2839173735
302589.5669164377,4124066.233861075
302589.5671470913,4124066.183804773
302589.56737774494,4124066.133748467
302589.5676083985,4124066.0836921665
302589.56783905206,4124066.0336358678
302589.5680697056,4124065.983579569
302589.5683003592,4124065.9335232666
302589.56853101274,4124065.8834669613
302589.5687616663,4124065.833410661
302589.56899231987,4124065.783354362
302589.5692229735,4124065.7332980596
302589.5694536271,4124065.6832417543
302589.56968428066,4124065.633185454
302589.5699149342,4124065.583129155
302589.5701455878,4124065.5330728563
302589.57037624135,4124065.483016554
302589.5706068949,4124065.432960248
302589.57083754847,4124065.382903948
302589.571068202,4124065.332847649
302589.5712988556,4124065.28279135
302589.5715295092,4124065.232735048
302589.5717601628,4124065.182678743
302589.5719908164,4124065.1326224427
302589.57222146995,4124065.0825661435
302589.5724521235,4124065.032509841
302589.57268277707,4124064.9824535353
302589.57291343063,4124064.9323972347
302589.5731440842,4124064.882340936
302589.57337473775,4124064.8322846373
302589.5736053914,4124064.782228335
302589.573836045,4124064.7321720296
302589.57406669855,4124064.6821157294
302589.5742973521,4124064.6320594302
302589.5745280057,4124064.5820031315
302589.57475865923,4124064.5319468295
302589.5749893128,4124064.481890524
302589.57521996635,4124064.431834223
302589.5754506199,4124064.3817779245
302589.57568127353,4124064.3317216225
302589.57591192715,4124064.281665317
302589.5761425807,4124064.231609016
302589.5763732343,4124064.1815527175
302589.57660388784,4124064.1314964187
302589.5768345414,4124064.0814401163
302589.57706519496,4124064.031383811
302589.5772958485,4124063.981327511
302589.5775265021,4124063.9312712117
302589.57775715564,4124063.881214913
302589.57798780926,4124063.831158611
302589.5782184629,4124063.7811023053
302589.57844911644,4124063.7310460047
302589.57867977,4124063.680989706
302589.57891042356,4124063.6309334035
302589.5791410771,4124063.580877098
302589.5793717307,4124063.5308207977
302589.57960238424,4124063.480764499
302589.5798330378,4124063.4307081997
302589.5800636914,4124063.3806518978
302589.58029434504,4124063.3305955925
302589.5805249986,4124063.2805392924
302589.58075565216,4124063.230482993
302589.5809863057,4124063.1804266907
302589.5812169593,4124063.130370385
302589.58144761284,4124063.0803140844
302589.5816782664,4124063.0302577857
302589.58190891996,4124062.980201487
302589.5821395736,4124062.9301451845
302589.5823702272,4124062.8800888793
302589.58260088076,4124062.830032579
302589.5828315343,4124062.77997628
302589.5830621879,4124062.729919981
302589.58329284145,4124062.679863679
302589.583523495,4124062.6298073735
302589.58375414857,4124062.579751073
302589.5839848021,4124062.529694774
302589.58421545575,4124062.479638472
302589.58444610937,4124062.4295821665
302589.5846767629,4124062.379525866
302589.5849074165,4124062.329469567
302589.58513807005,4124062.2794132684
302589.5853687236,4124062.229356966
302589.58559937717,4124062.1793006607
302589.58583003073,4124062.1292443606
302589.5860606843,4124062.0791880614
302589.58629133785,4124062.0291317627
302589.58652199147,4124061.9790754607
302589.5867526451,4124061.929019155
302589.58698329865,4124061.8789628544
302589.5872139522,4124061.8289065557
302589.5874446058,4124061.778850253
302589.58767525933,4124061.7287939475
302589.5879059129,4124061.6787376474
302589.58813656645,4124061.6286813486
302589.58836722,4124061.5786250494
302589.58859787363,4124061.5285687475
302589.58882852725,4124061.478512442
302589.5890591808,4124061.428456142
302589.5892898344,4124061.378399843
302589.58952048793,4124061.328343544
302589.5897511415,4124061.2782872417
302589.58998179506,4124061.228230936
302589.5902124486,4124061.178174636
302589.5904431022,4124061.128118337
302589.5906737558,4124061.0780620347
302589.5909044094,4124061.028005729
302589.591135063,4124060.977949429
302589.59136571654,4124060.9278931296
302589.5915963701,4124060.877836831
302589.59182702366,4124060.827780529
302589.5920576772,4124060.777724223
302589.5922883308,4124060.7276679226
302589.59251898434,4124060.677611624
302589.5927496379,4124060.627555325
302589.5929802915,4124060.5774990227
302589.59321094514,4124060.5274427175
302589.5934415987,4124060.4773864173
302589.59367225226,4124060.427330118
302589.5939029058,4124060.3772738157
302589.5941335594,4124060.3272175104
302589.59436421294,4124060.2771612103
302589.5945948665,4124060.227104911
302589.59482552006,4124060.1770486124
302589.5950561737,4124060.1269923104
302589.5952868273,4124060.0769360047
302589.59551748086,4124060.026879704
302589.5957481344,4124059.9768234054
302589.595978788,4124059.926767106
302589.59620944154,4124059.876710804
302589.5964400951,4124059.826654499
302589.59667074867,4124059.776598199
302589.5969014022,4124059.7265418996
302589.59713205585,4124059.676485597
302589.59736270946,4124059.6264292914
302589.597593363,4124059.5763729913
302589.5978240166,4124059.526316692
302589.59805467015,4124059.4762603934
302589.5982853237,4124059.426204091
302589.59851597727,4124059.3761477857
302589.5987466308,4124059.3260914856
302589.5989772844,4124059.276035187
302589.599207938,4124059.2259788844
302589.5994385916,4124059.1759225787
302589.5996692452,4124059.1258662785
302589.59989989875,4124059.0758099793
302589.6001305523,4124059.0257536806
302589.60036120587,4124058.9756973786
302589.60059185943,4124058.925641073
302589.600822513,4124058.8755847723
302589.60105316655,4124058.8255284736
302589.6012838201,4124058.775472175
302589.60151447373,4124058.7254158724
302589.60174512735,4124058.675359567
302589.6019757809,4124058.625303267
302589.6022064345,4124058.575246968
302589.60243708803,4124058.5251906654
302589.6026677416,4124058.47513436
302589.60289839515,4124058.42507806
302589.6031290487,4124058.375021761
302589.6033597023,4124058.324965462
302589.6035903559,4124058.27490916
302589.6038210095,4124058.2248528544
302589.6040516631,4124058.174796554
302589.60428231664,4124058.124740255
302589.6045129702,4124058.074683956
302589.60474362376,4124058.024627654
302589.6049742773,4124057.9745713486
302589.6052049309,4124057.9245150485
302589.60543558444,4124057.8744587493
302589.60566623806,4124057.824402447
302589.6058968917,4124057.774346141
302589.60612754524,4124057.724289841
302589.6063581988,4124057.674233542
302589.60658885236,4124057.624177243
302589.6068195059,4124057.5741209406
302589.6070501595,4124057.5240646354
302589.60728081304,4124057.4740083353
302589.6075114666,4124057.4239520365
302589.60774212016,4124057.3738957373
302589.6079727738,4124057.3238394354
302589.6082034274,4124057.2737831296
302589.60843408096,4124057.2237268295
302589.6086647345,4124057.1736705303
302589.6088953881,4124057.1236142283
302589.60912604164,4124057.0735579226
302589.6093566952,4124057.023501622
302589.60958734876,4124056.9734453233
302589.6098180023,4124056.9233890246
302589.61004865594,4124056.873332722
302589.61027930956,4124056.823276417
302589.6105099631,4124056.7732201167
302589.6107406167,4124056.7231638175
302589.61097127025,4124056.673107519
302589.6112019238,4124056.623051217
302589.61143257737,4124056.572994911
302589.6116632309,4124056.5229386105
302589.6118938845,4124056.472882312
302589.6121245381,4124056.42282601
302589.6123551917,4124056.372769704
302589.6125858453,4124056.3227134035
302589.61281649885,4124056.272657105
302589.6130471524,4124056.2226008056
302589.61327780597,4124056.1725445036
302589.61350845953,4124056.1224881983
302589.6137391131,4124056.072431898
302589.61396976665,4124056.022375599
302589.61420042027,4124055.9723192966
302589.6144310739,4124055.922262991
302589.61466172745,4124055.8722066907
302589.614892381,4124055.8221503915
302589.6151230346,4124055.772094093
302589.61535368813,4124055.7220377903
302589.6155843417,4124055.671981485
302589.61581499525,4124055.621925185
302589.6160456488,4124055.5718688862
302589.6162763024,4124055.521812587
302589.616506956,4124055.471756285
302589.6167376096,4124055.4216999793
302589.6169682632,4124055.371643679
302589.61719891673,4124055.32158738
302589.6174295703,4124055.271531078
302589.61766022386,4124055.2214747723
302589.6178908774,4124055.1714184717
302589.618121531,4124055.121362173
302589.61835218454,4124055.0713058743
302589.61858283816,4124055.021249572
302589.6188134918,4124054.9711932666
302589.61904414534,4124054.9211369664
302589.6192747989,4124054.8710806672
302589.61950545246,4124054.8210243685
302589.619736106,4124054.7709680665
302589.6199667596,4124054.720911761
302589.62019741314,4124054.67085546
302589.6204280667,4124054.6207991615
302589.6206587203,4124054.5707428595
302589.62088937394,4124054.520686554
302589.6211200275,4124054.470630253
302589.62135068106,4124054.4205739545
302589.6215813346,4124054.3705176553
302589.6218119882,4124054.3204613533
302589.62204264174,4124054.270405048
302589.6222732953,4124054.220348748
302589.62250394886,4124054.1702924487
302589.6227346024,4124054.12023615
302589.62296525604,4124054.0701798475
302589.62319590966,4124054.020123542
302589.6234265632,4124053.9700672417
302589.6236572168,4124053.920010943
302589.62388787034,4124053.8699546405
302589.6241185239,4124053.819898335
302589.62434917747,4124053.7698420347
302589.624579831,4124053.719785736
302589.6248104846,4124053.6697294367
302589.6250411382,4124053.6196731348
302589.6252717918,4124053.569616829
302589.6255024454,4124053.519560529
302589.62573309895,4124053.4695042297
302589.6259637525,4124053.419447931
302589.62619440607,4124053.3693916285
302589.6264250596,4124053.3193353233
302589.6266557132,4124053.269279023
302589.62688636675,4124053.2192227244
302589.62711702037,4124053.169166422
302589.627347674,4124053.1191101163
302589.62757832755,4124053.069053816
302589.6278089811,4124053.018997517
302589.62803963467,4124052.968941218
302589.62827028823,4124052.918884916
302589.6285009418,4124052.8688286105
302589.62873159535,4124052.81877231
302589.6289622489,4124052.768716011
302589.62919290253,4124052.718659709
302589.62942355615,4124052.6686034035
302589.6296542097,4124052.618547103
302589.6298848633,4124052.568490804
302589.63011551683,4124052.518434505
302589.6303461704,4124052.468378203
302589.63057682395,4124052.4183218977
302589.6308074775,4124052.3682655976
302589.6310381311,4124052.3182092984
302589.63126878464,4124052.2681529997
302589.63149943826,4124052.2180966972
302589.6317300919,4124052.1680403915
302589.63196074544,4124052.1179840914
302589.632191399,4124052.0679277927
302589.63242205256,4124052.01787149
302589.6326527061,4124051.9678151845
302589.6328833597,4124051.9177588844
302589.63311401324,4124051.8677025856
302589.6333446668,4124051.8176462865
302589.6335753204,4124051.7675899845
302589.63380597404,4124051.7175336787
302589.6340366276,4124051.6674773786
302589.63426728116,4124051.6174210794
302589.6344979347,4124051.5673647807
302589.6347285883,4124051.5173084782
302589.63495924184,4124051.467252173
302589.6351898954,4124051.417195873
302589.63542054896,4124051.367139574
302589.6356512026,4124051.3170832717
302589.6358818562,4124051.267026966
302589.63611250976,4124051.216970666
302589.6363431633,4124051.1669143667
302589.6365738169,4124051.116858068
302589.63680447044,4124051.066801766
302589.637035124,4124051.01674546
302589.63726577756,4124050.9666891596
302589.6374964311,4124050.916632861
302589.6377270847,4124050.866576562
302589.6379577383,4124050.8165202597
302589.6381883919,4124050.7664639545
302589.6384190455,4124050.7164076543
302589.63864969905,4124050.666351355
302589.6388803526,4124050.6162950527
302589.63911100617,4124050.5662387474
302589.6393416597,4124050.5161824473
302589.6395723133,4124050.466126148
302589.63980296685,4124050.4160698494
302589.64003362047,4124050.366013547
302589.6402642741,4124050.315957241
302589.64049492765,4124050.265900941
302589.6407255812,4124050.2158446424
302589.64095623477,4124050.165788343
302589.64118688833,4124050.115732041
302589.6414175419,4124050.065675736
302589.64164819545,4124050.015619436
302589.641878849,4124049.9655631366
302589.64210950263,4124049.915506834
302589.64234015625,4124049.8654505285
302589.6425708098,4124049.8153942283
302589.6428014634,4124049.765337929
302589.64303211693,4124049.7152816304
302589.6432627705,4124049.665225328
302589.64349342405,4124049.6151690227
302589.6437240776,4124049.5651127226
302589.6439547312,4124049.515056424
302589.64418538474,4124049.4650001246
302589.64441603835,4124049.4149438227
302589.644646692,4124049.364887517
302589.64487734553,4124049.3148312164
302589.6451079991,4124049.2647749176
302589.64533865266,4124049.2147186156
302589.6455693062,4124049.16466231
302589.6457999598,4124049.1146060093
302589.64603061334,4124049.0645497106
302589.6462612669,4124049.014493412
302589.6464919205,4124048.9644371094
302589.64672257414,4124048.914380804
302589.6469532277,4124048.864324504
302589.64718388126,4124048.814268205
302589.6474145348,4124048.7642119024
302589.6476451884,4124048.714155597
302589.64787584194,4124048.664099297
302589.6481064955,4124048.614042998
302589.64833714906,4124048.563986699
302589.6485678027,4124048.5139303966
302589.6487984563,4124048.463874091
302589.64902910986,4124048.413817791
302589.6492597634,4124048.363761492
302589.649490417,4124048.313705193
302589.64972107054,4124048.263648891
302589.6499517241,4124048.2135925856
302589.65018237766,4124048.1635362855
302589.6504130312,4124048.1134799863
302589.65064368484,4124048.063423684
302589.65087433846,4124048.013367378
302589.651104992,4124047.963311078
302589.6513356456,4124047.913254779
302589.65156629914,4124047.86319848
302589.6517969527,4124047.8131421776
302589.65202760627,4124047.7630858724
302589.6522582598,4124047.7130295723
302589.6524889134,4124047.6629732735
302589.65271956695,4124047.6129169744
302589.65295022057,4124047.5628606724
302589.6531808742,4124047.5128043666
302589.65341152775,4124047.462748066
302589.6536421813,4124047.4126917673
302589.65387283487,4124047.3626354653
302589.6541034884,4124047.3125791596
302589.654334142,4124047.262522859
302589.65456479555,4124047.2124665603
302589.6547954491,4124047.1624102616
302589.65502610273,4124047.112353959
302589.65525675635,4124047.062297654
302589.6554874099,4124047.0122413537
302589.65571806347,4124046.9621850546
302589.65594871703,4124046.912128756
302589.6561793706,4124046.862072454
302589.65641002415,4124046.812016148
302589.6566406777,4124046.7619598475
302589.6568713313,4124046.711903549
302589.6571019849,4124046.6618472463
302589.6573326385,4124046.6117909406
302589.6575632921,4124046.5617346405
302589.65779394563,4124046.511678342
302589.6580245992,4124046.4616220426
302589.65825525275,4124046.4115657406
302589.6584859063,4124046.3615094353
302589.6587165599,4124046.311453135
302589.65894721344,4124046.261396836
302589.659177867,4124046.2113405373
302589.6594085206,4124046.161284235
302589.65963917424,4124046.111227929
302589.6598698278,4124046.061171629
302589.66010048136,4124046.0111153303
302589.6603311349,4124045.961059028
302589.6605617885,4124045.911002722
302589.66079244204,4124045.860946422
302589.6610230956,4124045.810890123
302589.66125374916,4124045.760833824
302589.6614844028,4124045.710777522
302589.6617150564,4124045.6607212164
302589.66194570996,4124045.6106649158
302589.6621763635,4124045.560608617
302589.6624070171,4124045.510552315
302589.66263767064,4124045.4604960093
302589.6628683242,4124045.4104397087
302589.66309897776,4124045.36038341
302589.6633296313,4124045.3103271113
302589.66356028494,4124045.260270809
302589.66379093856,4124045.2102145036
302589.6640215921,4124045.1601582034
302589.6642522457,4124045.1101019043
302589.66448289924,4124045.0600456055
302589.6647135528,4124045.0099893035
302589.66494420636,4124044.959932998
302589.6651748599,4124044.909876697
302589.6654055135,4124044.8598203985
302589.6656361671,4124044.809764096
302589.6658668207,4124044.7597077903
302589.6660974743,4124044.70965149
302589.66632812785,4124044.6595951915
302589.6665587814,4124044.6095388923
302589.66678943497,4124044.5594825903
302589.6670200885,4124044.509426285
302589.6672507421,4124044.459369985
302589.66748139565,4124044.4093136857
302589.6677120492,4124044.359257387
302589.6679427028,4124044.3092010845
302589.66817335645,4124044.259144779
302589.66840401,4124044.2090884787
302589.66863466357,4124044.15903218
302589.66886531713,4124044.1089758775
302589.6690959707,4124044.058919572
302589.66932662425,4124044.0088632717
302589.6695572778,4124043.9588069725
302589.6697879314,4124043.9087506738
302589.670018585,4124043.858694372
302589.6702492386,4124043.808638066
302589.6704798922,4124043.7585817655
302589.67071054573,4124043.7085254667
302589.6709411993,4124043.658469168
302589.67117185285,4124043.6084128655
302589.6714025064,4124043.5583565603
302589.67163316,4124043.50830026
302589.67186381354,4124043.458243961
302589.67209446715,4124043.4081876585
302589.6723251208,4124043.3581313533
302589.67255577433,4124043.308075053
302589.6727864279,4124043.258018754
302589.67301708146,4124043.207962455
302589.673247735,4124043.1579061532
302589.6734783886,4124043.1078498475
302589.67370904214,4124043.057793547
302589.6739396957,4124043.007737248
302589.67417034926,4124042.9576809495
302589.6744010029,4124042.907624647
302589.6746316565,4124042.857568342
302589.67486231006,4124042.8075120416
302589.6750929636,4124042.7574557425
302589.6753236172,4124042.70739944
302589.67555427074,4124042.6573431347
302589.6757849243,4124042.6072868346
302589.67601557786,4124042.5572305354
302589.6762462314,4124042.5071742367
302589.67647688504,4124042.4571179342
302589.67670753866,4124042.4070616285
302589.6769381922,4124042.3570053284
302589.6771688458,4124042.3069490297
302589.67739949934,4124042.256892727
302589.6776301529,4124042.2068364215
302589.67786080646,4124042.1567801214
302589.67809146,4124042.106723822
302589.6783221136,4124042.0566675235
302589.6785527672,4124042.0066112215
302589.6787834208,4124041.9565549158
302589.6790140744,4124041.906498615
302589.67924472794,4124041.8564423164
302589.6794753815,4124041.8063860177
302589.67970603507,4124041.7563297153
302589.6799366886,4124041.70627341
302589.6801673422,4124041.65621711
302589.68039799575,4124041.6061608107
302589.68062864937,4124041.556104508
302589.680859303,4124041.506048203
302589.68108995655,4124041.455991903
302589.6813206101,4124041.4059356037
302589.68155126367,4124041.355879305
302589.6817819172,4124041.305823003
302589.6820125708,4124041.255766697
302589.68224322435,4124041.2057103966
302589.6824738779,4124041.155654098
302589.6827045315,4124041.105597799
302589.6829351851,4124041.0555414967
302589.6831658387,4124041.0054851915
302589.68339649227,4124040.9554288913
302589.68362714583,4124040.905372592
302589.6838577994,4124040.8553162897
302589.68408845295,4124040.8052599845
302589.6843191065,4124040.7552036843
302589.6845497601,4124040.705147385
302589.68478041363,4124040.6550910864
302589.68501106725,4124040.605034784
302589.6852417209,4124040.5549784782
302589.68547237443,4124040.504922178
302589.685703028,4124040.4548658794
302589.68593368155,4124040.40480958
302589.6861643351,4124040.354753278
302589.6863949887,4124040.3046969725
302589.68662564224,4124040.2546406724
302589.6868562958,4124040.204584373
302589.6870869494,4124040.154528071
302589.68731760303,4124040.1044717655
302589.6875482566,4124040.054415465
302589.68777891016,4124040.004359166
302589.6880095637,4124039.9543028674
302589.6882402173,4124039.904246565
302589.68847087084,4124039.8541902597
302589.6887015244,4124039.8041339596
302589.68893217796,4124039.7540776604
302589.6891628315,4124039.7040213617
302589.68939348514,4124039.6539650597
302589.68962413876,4124039.603908754
302589.6898547923,4124039.5538524534
302589.6900854459,4124039.5037961546
302589.69031609944,4124039.4537398526
302589.690546753,4124039.403683547
302589.69077740656,4124039.3536272463
302589.6910080601,4124039.3035709476
302589.6912387137,4124039.253514649
302589.6914693673,4124039.2034583464
302589.6917000209,4124039.153402041
302589.6919306745,4124039.103345741
302589.69216132804,4124039.053289442
302589.6923919816,4124039.003233143
302589.69262263516,4124038.953176841
302589.6928532887,4124038.9031205354
302589.6930839423,4124038.853064235
302589.69331459585,4124038.803007936
302589.69354524947,4124038.7529516337
302589.6937759031,4124038.702895328
302589.69400655665,4124038.652839028
302589.6942372102,4124038.602782729
302589.69446786377,4124038.55272643
302589.6946985173,4124038.502670128
302589.6949291709,4124038.452613822
302589.69515982445,4124038.402557522
302589.695390478,4124038.352501223
302589.6956211316,4124038.302444921
302589.69585178525,4124038.252388615
302589.6960824388,4124038.2023323146
302589.69631309237,4124038.152276016
302589.69654374593,4124038.102219717
302589.6967743995,4124038.0521634147
302589.69700505305,4124038.0021071094
302589.6972357066,4124037.9520508093
302589.6974663602,4124037.90199451
302589.69769701373,4124037.8519382114
302589.69792766735,4124037.8018819094
302589.69815832097,4124037.7518256037
302589.69838897453,4124037.701769303
302589.6986196281,4124037.6517130043
302589.69885028165,4124037.6016567023
302589.6990809352,4124037.5516003966
302589.6993115888,4124037.501544096
302589.69954224234,4124037.4514877973
302589.6997728959,4124037.401431498
302589.7000035495,4124037.351375196
302589.70023420313,4124037.301318891
302589.7004648567,4124037.2512625908
302589.70069551026,4124037.2012062916
302589.7009261638,4124037.151149993
302589.7011568174,4124037.101093691
302589.70138747094,4124037.051037385
302589.7016181245,4124037.0009810845
302589.70184877806,4124036.950924786
302589.7020794317,4124036.9008684834
302589.7023100853,4124036.8508121776
302589.70254073886,4124036.8007558775
302589.7027713924,4124036.750699579
302589.703002046,4124036.7006432796
302589.70323269954,4124036.6505869776
302589.7034633531,4124036.600530672
302589.70369400666,4124036.5504743718
302589.7039246602,4124036.5004180726
302589.7041553138,4124036.450361774
302589.7043859674,4124036.4003054714
302589.704616621,4124036.350249166
302589.7048472746,4124036.300192866
302589.70507792814,4124036.2501365673
302589.7053085817,4124036.200080265
302589.70553923526,4124036.150023959
302589.7057698888,4124036.099967659
302589.7060005424,4124036.04991136
302589.70623119595,4124035.999855061
302589.70646184956,4124035.949798759
302589.7066925032,4124035.8997424534
302589.70692315674,4124035.849686153
302589.7071538103,4124035.799629854
302589.70738446387,4124035.7495735553
302589.7076151174,4124035.699517253
302589.707845771,4124035.6494609476
302589.70807642455,4124035.5994046475
302589.7083070781,4124035.5493483483
302589.7085377317,4124035.499292046
302589.70876838535,4124035.4492357406
302589.7089990389,4124035.3991794405
302589.70922969247,4124035.349123141
