302589.4282988878,4124004.7816861835
302589.4271739633,4124004.731379331
302589.42604903877,4124004.681072479
302589.42492411425,4124004.630765627
302589.42379918974,4124004.5804587747
302589.4226742652,4124004.5301519223
302589.4215493407,4124004.4798450703
302589.4204244162,4124004.429538219
302589.4192994917,4124004.3792313673
302589.41817456717,4124004.3289245153
302589.41704964265,4124004.2786176633
302589.41592471814,4124004.2283108113
302589.4147997936,4124004.1780039594
302589.4136748691,4124004.1276971074
302589.4125499446,4124004.0773902554
302589.4114250201,4124004.027083403
302589.41030009557,4124003.9767765505
302589.40917517105,4124003.9264696985
302589.40805024654,4124003.876162846
302589.406925322,4124003.8258559937
302589.4058003975,4124003.7755491417
302589.404675473,4124003.7252422897
302589.4035505485,4124003.6749354377
302589.40242562396,4124003.6246285858
302589.4013006995,4124003.574321734
302589.40017577505,4124003.5240148823
302589.39905085054,4124003.473708031
302589.397925926,4124003.423401179
302589.3968010015,4124003.373094327
302589.395676077,4124003.3227874744
302589.3945511525,4124003.272480622
302589.39342622797,4124003.22217377
302589.39230130345,4124003.171866918
302589.39117637894,4124003.1215600655
302589.3900514544,4124003.071253213
302589.3889265299,4124003.020946361
302589.3878016054,4124002.9706395087
302589.3866766809,4124002.9203326562
302589.38555175636,4124002.8700258043
302589.38442683185,4124002.8197189523
302589.38330190734,4124002.7694121003
302589.3821769828,4124002.719105249
302589.3810520583,4124002.6687983973
302589.3799271338,4124002.6184915453
302589.3788022093,4124002.5681846933
302589.37767728476,4124002.5178778414
302589.37655236025,4124002.4675709894
302589.37542743573,4124002.417264137
302589.3743025112,4124002.3669572845
302589.3731775867,4124002.3166504325
302589.3720526622,4124002.2663435806
302589.3709277377,4124002.216036728
302589.36980281316,4124002.1657298757
302589.36867788865,4124002.1154230237
302589.36755296413,4124002.0651161713
302589.3664280396,4124002.014809319
302589.3653031151,4124001.964502467
302589.3641781906,4124001.9141956153
302589.36305326613,4124001.863888764
302589.3619283417,4124001.813581912
302589.36080341716,4124001.76327506
302589.35967849265,4124001.712968208
302589.35855356813,4124001.662661356
302589.3574286436,4124001.612354504
302589.3563037191,4124001.562047652
302589.3551787946,4124001.5117407995
302589.3540538701,4124001.461433947
302589.35292894556,4124001.411127095
302589.35180402105,4124001.360820243
302589.35067909653,4124001.3105133907
302589.349554172,4124001.2602065383
302589.3484292475,4124001.2098996863
302589.347304323,4124001.1595928343
302589.3461793985,4124001.1092859823
302589.34505447396,4124001.0589791304
302589.34392954945,4124001.008672279
302589.34280462493,4124000.9583654273
302589.3416797004,4124000.9080585754
302589.3405547759,4124000.8577517234
302589.3394298514,4124000.807444871
302589.3383049269,4124000.7571380185
302589.33718000236,4124000.7068311665
302589.33605507785,4124000.6565243145
302589.33493015333,4124000.606217462
302589.3338052288,4124000.5559106097
302589.3326803043,4124000.5056037577
302589.3315553798,4124000.4552969057
302589.3304304553,4124000.4049900533
302589.32930553076,4124000.354683201
302589.32818060624,4124000.304376349
302589.32705568173,4124000.254069497
302589.3259307573,4124000.2037626454
302589.3248058328,4124000.153455794
302589.3236809083,4124000.103148942
302589.3225559838,4124000.05284209
302589.3214310593,4124000.002535238
302589.32030613476,4123999.952228386
302589.31918121025,4123999.9019215335
302589.31805628573,4123999.851614681
302589.3169313612,4123999.801307829
302589.3158064367,4123999.751000977
302589.3146815122,4123999.7006941247
302589.3135565877,4123999.6503872722
302589.31243166316,4123999.6000804203
302589.31130673864,4123999.5497735683
302589.31018181413,4123999.4994667163
302589.3090568896,4123999.449159864
302589.3079319651,4123999.3988530114
302589.3068070406,4123999.3485461585
302589.3056821161,4123999.298239305
302589.30455719156,4123999.247932452
302589.30343226704,4123999.197625598
302589.3023073425,4123999.1473187436
302589.301182418,4123999.0970118893
302589.3000574935,4123999.0467050346
302589.298932569,4123998.99639818
302589.29780764447,4123998.9460913246
302589.29668272,4123998.8957844693
302589.29555779556,4123998.845477613
302589.29443287116,4123998.7951707565
302589.2933079468,4123998.744863898
302589.2921830225,4123998.6945570386
302589.2910580982,4123998.6442501782
302589.289933174,4123998.593943316
302589.28880824975,4123998.5436364533
302589.2876833256,4123998.4933295883
302589.2865584015,4123998.4430227214
302589.2854334774,4123998.3927158522
302589.2843085533,4123998.34240898
302589.28318362933,4123998.292102104
302589.2820587054,4123998.241795225
302589.28093378164,4123998.191488342
302589.279808858,4123998.141181454
302589.27868393454,4123998.0908745606
302589.2775590112,4123998.0405676616
302589.276434088,4123997.9902607566
302589.2753091651,4123997.9399538436
302589.2741842425,4123997.8896469222
302589.2730593201,4123997.839339991
302589.27193439816,4123997.7890330493
302589.2708094766,4123997.738726095
302589.2696845556,4123997.6884191255
302589.26855963503,4123997.638112141
302589.26743471506,4123997.5878051366
302589.26630979584,4123997.537498111
302589.2651848773,4123997.4871910606
302589.26405995956,4123997.4368839827
302589.2629350428,4123997.386576873
302589.26181012706,4123997.3362697265
302589.26068521256,4123997.285962539
302589.2595602995,4123997.235655303
302589.25843538804,4123997.185348014
302589.2573104783,4123997.1350406627
302589.2561855706,4123997.0847332417
302589.2550606653,4123997.0344257406
302589.2539357627,4123996.9841181478
302589.25281086314,4123996.933810452
302589.251685967,4123996.8835026384
302589.2505610749,4123996.83319469
302589.2494361873,4123996.7828865875
302589.24831130495,4123996.73257831
302589.24718642846,4123996.6822698335
302589.2460615586,4123996.6319611296
302589.2449366963,4123996.5816521673
302589.2438118428,4123996.531342909
302589.24268699926,4123996.4810333154
302589.241562167,4123996.4307233393
302589.2404373475,4123996.380412928
302589.23931254266,4123996.330102019
302589.2381877546,4123996.279790545
302589.2370629855,4123996.229478426
302589.2359382379,4123996.1791655715
302589.2348135151,4123996.1288518803
302589.2336888204,4123996.0785372346
302589.23256415775,4123996.028221502
302589.2314395316,4123995.9779045316
302589.230314947,4123995.9275861513
302589.22919040977,4123995.877266163
302589.22806592647,4123995.826944344
302589.22694150475,4123995.7766204393
302589.2258171531,4123995.7262941576
302589.2246928813,4123995.675965168
302589.2235687004,4123995.6256330926
302589.22244462324,4123995.575297503
302589.22132066416,4123995.524957908
302589.2201968396,4123995.47461375
302589.2190731683,4123995.4242643937
302589.21794967167,4123995.3739091153
302589.2168263739,4123995.323547089
302589.21570330276,4123995.273177375
302589.2145804899,4123995.222798903
302589.21345797123,4123995.1724104523
302589.2123357878,4123995.122010633
302589.2112139862,4123995.07159786
302589.21009261976,4123995.0211703307
302589.20897174906,4123994.9707259876
302589.20785144315,4123994.9202624885
302589.20673178066,4123994.869777165
302589.20561285125,4123994.8192669754
302589.2044947571,4123994.768728456
302589.2033776145,4123994.7181576593
302589.2022613071,4123994.6675585327
302589.2011457328,4123994.6169345407
302589.20003080176,4123994.566288724
302589.19891643536,4123994.5156237506
302589.19780256454,4123994.464941964
302589.1966891285,4123994.41424542
302589.19557607407,4123994.363535923
302589.1944633544,4123994.312815056
302589.1933509286,4123994.262084211
302589.1922387606,4123994.211344608
302589.1911268188,4123994.160597318
302589.19001507544,4123994.1098432792
302589.18890350615,4123994.0590833174
302589.1877920893,4123994.0083181574
302589.186680806,4123993.957548434
302589.1855696398,4123993.9067747053
302589.18445857597,4123993.855997462
302589.18334760173,4123993.8052171324
302589.18223670573,4123993.7544340943
302589.181125878,4123993.7036486785
302589.18001510965,4123993.6528611765
302589.1789043928,4123993.6020718417
302589.17779372074,4123993.5512808994
302589.1766830871,4123993.5004885443
302589.1755724862,4123993.4496949497
302589.1744619133,4123993.3989002667
302589.1733513637,4123993.348104628
302589.17224083334,4123993.297308149
302589.1711303185,4123993.246510933
302589.17001981556,4123993.195713069
302589.16890932125,4123993.144914635
302589.16779883235,4123993.0941157
302589.1666883458,4123993.0433163247
302589.1655778585,4123992.992516561
302589.1644673674,4123992.9417164545
302589.1633568693,4123992.890916046
302589.1622463609,4123992.8401153707
302589.1611358387,4123992.789314458
302589.1600252991,4123992.7385133365
302589.1589147381,4123992.6877120268
302589.1578041513,4123992.63691055
302589.1566935339,4123992.5861089216
302589.1555828805,4123992.535307157
302589.15447218507,4123992.484505268
302589.1533614411,4123992.4337032638
302589.15225064097,4123992.3829011526
302589.15113977634,4123992.33209894
302589.1500288375,4123992.2812966304
302589.1489178136,4123992.230494227
302589.14780669234,4123992.1796917296
302589.1466954596,4123992.128889139
302589.14558409975,4123992.0780864516
302589.14447259466,4123992.027283665
302589.1433609237,4123991.9764807727
302589.14224906353,4123991.925677767
302589.14113698754,4123991.87487464
302589.14002466557,4123991.824071378
302589.13891206303,4123991.7732679686
302589.1377991407,4123991.7224643957
302589.13668585394,4123991.6716606403
302589.13557215163,4123991.62085668
302589.1344579759,4123991.570052489
302589.1333432606,4123991.5192480395
302589.1322279306,4123991.468443296
302589.13111190003,4123991.4176382194
302589.1299950711,4123991.366832766
302589.1288773327,4123991.3160268837
302589.127758558,4123991.2652205154
302589.12663860247,4123991.214413594
302589.12551730155,4123991.1636060434
302589.12439446774,4123991.1127977776
302589.1232698874,4123991.061988696
302589.1221433173,4123991.0111786867
302589.12101448,4123990.960367621
302589.11988305964,4123990.909555352
302589.1187486964,4123990.8587417123
302589.11761098006,4123990.8079265123
302589.11646944354,4123990.7571095345
302589.11532355455,4123990.7062905314
302589.1141727068,4123990.655469221
302589.1130162092,4123990.604645283
302589.11185327487,4123990.55381835
302589.1106830067,4123990.5029880065
302589.10950438306,4123990.452153777
302589.1083162398,4123990.4013151205
302589.1071172505,4123990.3504714207
302589.1059059043,4123990.2996219737
302589.1046804795,4123990.24876598
302589.10343901464,4123990.197902527
302589.1021792749,4123990.1470305766
302589.1008987142,4123990.096148944
302589.0995944318,4123990.045256281
302589.0982631226,4123989.994351051
302589.0969010213,4123989.943431504
302589.09550383786,4123989.8924956443
302589.09406668437,4123989.8415411995
302589.0925839923,4123989.7905655797
302589.091049417,4123989.7395658344
302589.08945573,4123989.688538604
302589.08781013405,4123989.637487262
302589.08611894754,4123989.586414771
302589.08438771195,4123989.5353237335
302589.0826212864,4123989.4842164353
302589.0808239308,4123989.4330948866
302589.0789993779,4123989.3819608535
302589.0771508971,4123989.33081589
302589.0752813502,4123989.2796613635
302589.0733932399,4123989.2284984784
302589.0714887527,4123989.177328297
302589.0695697964,4123989.126151759
302589.06763803185,4123989.074969694
302589.0656949018,4123989.023782837
302589.0637416555,4123988.9725918416
302589.0617793697,4123988.921397291
302589.05980896717,4123988.870199709
302589.05783123244,4123988.8189995675
302589.0558468251,4123988.767797293
302589.053856291,4123988.7165932776
302589.0518600716,4123988.6653878824
302589.0498585116,4123988.6141814464
302589.04785186466,4123988.5629742895
302589.04584029765,4123988.51176672
302589.0438238939,4123988.4605590403
302589.0418026539,4123988.4093515486
302589.0397764963,4123988.3581445473
302589.0377452554,4123988.3069383474
302589.0357086793,4123988.255733274
302589.0336664251,4123988.20452967
302589.03161805304,4123988.1533279046
302589.0295630193,4123988.1021283786
302589.02750066645,4123988.050931529
302589.02543021244,4123987.9997378406
302589.0233507373,4123987.9485478504
302589.0212611672,4123987.897362159
302589.01916025643,4123987.846181441
302589.01704656606,4123987.7950064545
302589.0149184395,4123987.7438380555
302589.0127739742,4123987.692677213
302589.0106109892,4123987.641525023
302589.0084269881,4123987.590382732
302589.00621911645,4123987.539251752
302589.0039841131,4123987.48813369
302589.00171825493,4123987.43703037
302588.99941729277,4123987.3859438696
302588.99707637954,4123987.334876553
302588.99468998786,4123987.283831112
302588.99225181516,4123987.232810609
302588.9897546769,4123987.181818532
302588.98719038384,4123987.1308588525
302588.9845496027,4123987.079936096
302588.98182169726,4123987.0290554143
302588.97899454675,4123986.978222678
302588.9760543397,4123986.9274445744
302588.9729853386,4123986.876728721
302588.96976961155,4123986.8260837956
302588.96638672694,4123986.7755196854
302588.9628571255,4123986.725026508
302588.9591987484,4123986.6745955884
302588.95542734285,4123986.6242193147
302588.9515567304,4123986.5738910045
302588.94759904244,4123986.5236047925
302588.9435649269,4123986.47335553
302588.9394637296,4123986.423138699
302588.93530365365,4123986.372950334
302588.9310918988,4123986.3227869547
302588.9268347846,4123986.272645505
302588.9225378578,4123986.2225233037
302588.9182059867,4123986.172417997
302588.9138434445,4123986.1223275177
302588.90945398173,4123986.072250054
302588.9050408904,4123986.022184015
302588.9006070599,4123985.9721280024
302588.89615502616,4123985.92208079
302588.8916870153,4123985.8720413023
302588.8872049812,4123985.8220085944
302588.8827106385,4123985.7719818377
302588.87820549245,4123985.7219603043
302588.87369086413,4123985.671943355
302588.86916791316,4123985.6219304292
302588.86463765736,4123985.571921035
302588.86010099,4123985.521914741
302588.85555869516,4123985.4719111673
302588.85101146105,4123985.4219099814
302588.8464598918,4123985.3719108924
302588.84190451755,4123985.3219136433
302588.83734580374,4123985.271918009
302588.8327841589,4123985.2219237913
302588.82821994135,4123985.171930817
302588.82365346584,4123985.121938935
302588.81908500864,4123985.0719480114
302588.8145148121,4123985.021957928
302588.8099430891,4123984.971968582
302588.8053700263,4123984.921979884
302588.80079578777,4123984.8719917554
302588.7962205173,4123984.8220041264
302588.7916443412,4123984.772016934
302588.7870673703,4123984.722030126
302588.78248970193,4123984.6720436555
302588.77791142144,4123984.6220574807
302588.7733326038,4123984.572071566
302588.76875331486,4123984.522085878
302588.7641736123,4123984.47210039
302588.75959354674,4123984.4221150777
302588.75501316274,4123984.372129919
302588.7504324994,4123984.322144896
302588.7458515908,4123984.2721599913
302588.7412704672,4123984.2221751916
302588.7366891549,4123984.172190483
302588.73210767703,4123984.1222058544
302588.72752605396,4123984.0722212964
302588.72294430353,4123984.0222367994
302588.71836244134,4123983.972252357
302588.71378048114,4123983.9222679613
302588.709198435,4123983.8722836073
302588.7046163135,4123983.8222992895
302588.7000341259,4123983.7723150044
302588.6954518804,4123983.722330747
302588.6908695841,4123983.672346514
302588.68628724327,4123983.622362303
302588.6817048635,4123983.5723781097
302588.6771224495,4123983.522393933
302588.67254000553,4123983.4724097704
302588.6679575353,4123983.4224256203
302588.6633750421,4123983.372441482
302588.6587925287,4123983.322457353
302588.65420999756,4123983.2724732333
302588.6496274511,4123983.2224891204
302588.64504489105,4123983.1725050136
302588.64046231925,4123983.122520913
302588.63587973703,4123983.0725368173
302588.6312971458,4123983.0225527263
302588.6267145466,4123982.9725686396
302588.62213194044,4123982.9225845556
302588.6175493282,4123982.872600475
302588.61296671064,4123982.8226163974
302588.6083840885,4123982.7726323223
302588.6038014623,4123982.722648249
302588.5992188325,4123982.672664178
302588.59463619965,4123982.6226801085
302588.590053564,4123982.57269604
302588.5854709261,4123982.5227119727
302588.580888286,4123982.4727279064
302588.57630564424,4123982.4227438415
302588.5717230011,4123982.372759778
302588.56714035646,4123982.322775715
302588.5625577106,4123982.272791652
302588.5579750637,4123982.222807589
302588.553392416,4123982.1728235264
302588.5488097676,4123982.122839464
302588.54422711843,4123982.072855402
302588.5396444687,4123982.02287134
302588.53506181843,4123981.9728872785
302588.53047916776,4123981.9229032174
302588.5258965167,4123981.8729191567
302588.5213138652,4123981.822935096
302588.5167312134,4123981.7729510358
302588.5121485614,4123981.7229669755
302588.5075659091,4123981.672982916
302588.50298325665,4123981.622998856
302588.498400604,4123981.573014796
302588.49381795124,4123981.5230307356
302588.4892352983,4123981.4730466753
302588.48465264525,4123981.423062615
302588.480069992,4123981.373078555
302588.4754873387,4123981.323094495
302588.4709046854,4123981.2731104353
302588.46632203204,4123981.223126375
302588.46173937863,4123981.173142315
302588.45715672517,4123981.1231582547
302588.4525740717,4123981.0731741944
302588.4479914182,4123981.0231901347
302588.4434087646,4123980.973206075
302588.438826111,4123980.9232220147
302588.4342434574,4123980.8732379545
302588.42966080375,4123980.823253894
302588.4250781501,4123980.773269834
302588.4204954964,4123980.723285774
302588.4159128427,4123980.673301714
302588.41133018903,4123980.6233176542
302588.40674753534,4123980.573333594
302588.40216488164,4123980.523349534
302588.39758222795,4123980.4733654736
302588.39299957425,4123980.4233814133
302588.38841692056,4123980.3733973536
302588.38383426686,4123980.323413294
302588.37925161317,4123980.2734292336
302588.37466895947,4123980.2234451734
302588.3700863058,4123980.173461113
302588.3655036521,4123980.123477053
302588.3609209984,4123980.0734929927
302588.3563383447,4123980.023508933
302588.351755691,4123979.973524873
302588.3471730373,4123979.923540813
302588.3425903836,4123979.8735567527
302588.3380077299,4123979.8235726925
302588.3334250762,4123979.7735886322
302588.3288424225,4123979.7236045725
302588.3242597688,4123979.6736205127
302588.3196771151,4123979.6236364525
302588.31509446143,4123979.5736523923
302588.31051180774,4123979.523668332
302588.30592915404,4123979.473684272
302588.30134650035,4123979.4237002116
302588.29676384665,4123979.373716152
302588.29218119296,4123979.323732092
302588.28759853926,4123979.273748032
302588.28301588556,4123979.2237639716
302588.27843323187,4123979.1737799114
302588.2738505782,4123979.123795851
302588.2692679245,4123979.0738117914
302588.2646852708,4123979.0238277316
302588.2601026171,4123978.9738436714
302588.2555199634,4123978.923859611
302588.2509373097,4123978.873875551
302588.246354656,4123978.8238914907
302588.2417720023,4123978.7739074305
302588.2371893486,4123978.7239233707
302588.2326066949,4123978.673939311
302588.2280240412,4123978.6239552507
302588.2234413875,4123978.5739711905
302588.21885873383,4123978.5239871303
302588.21427608014,4123978.47400307
302588.20969342644,4123978.4240190103
302588.20511077275,4123978.3740349505
302588.200528119,4123978.3240508903
302588.1959454652,4123978.27406683
302588.19136281137,4123978.22408277
302588.1867801575,4123978.1740987096
302588.18219750363,4123978.12411465
302588.1776148497,4123978.07413059
302588.1730321958,4123978.02414653
302588.1684495418,4123977.9741624696
302588.16386688774,4123977.9241784094
302588.1592842337,4123977.874194349
302588.1547015796,4123977.824210289
302588.15011892543,4123977.774226229
302588.14553627116,4123977.7242421694
302588.1409536167,4123977.674258109
302588.1363709621,4123977.624274049
302588.13178830734,4123977.5742899887
302588.1272056525,4123977.5243059285
302588.1226229974,4123977.4743218687
302588.1180403421,4123977.424337809
302588.1134576865,4123977.3743537487
302588.10887503065,4123977.3243696885
302588.1042923745,4123977.2743856283
302588.0997097179,4123977.224401568
302588.0951270608,4123977.174417508
302588.09054440306,4123977.124433448
302588.08596174454,4123977.0744493883
302588.08137908526,4123977.0244653285
302588.07679642516,4123976.9744812693
302588.07221376407,4123976.9244972104
302588.06763110164,4123976.8745131516
302588.0630484377,4123976.8245290928
302588.05846577225,4123976.7745450344
302588.0538831048,4123976.7245609765
302588.0493004352,4123976.6745769186
302588.044717763,4123976.624592861
302588.04013508797,4123976.574608804
302588.0355524095,4123976.524624747
302588.03096972714,4123976.474640691
302588.02638704027,4123976.4246566356
302588.02180434833,4123976.374672582
302588.0172216505,4123976.324688529
302588.0126389459,4123976.2747044773
302588.00805623335,4123976.2247204264
302588.0034735119,4123976.174736377
302587.9988907802,4123976.124752329
302587.9943080366,4123976.0747682834
302587.98972527945,4123976.02478424
302587.9851425068,4123975.974800199
302587.98055971623,4123975.924816161
302587.9759769052,4123975.8748321254
302587.9713940708,4123975.8248480945
302587.96681120957,4123975.774864068
302587.96222831775,4123975.7248800457
302587.9576453907,4123975.6748960298
302587.95306242356,4123975.6249120194
302587.9484794106,4123975.5749280164
302587.94389634515,4123975.5249440214
302587.9393132198,4123975.474960036
302587.93473002594,4123975.4249760616
302587.9301467538,4123975.3749920987
302587.9255633923,4123975.3250081497
302587.92097992875,4123975.275024217
302587.9163963487,4123975.2250403026
302587.9118126356,4123975.175056409
302587.9072287707,4123975.1250725393
302587.9026447327,4123975.0750886975
302587.898060497,4123975.0251048873
302587.8934760359,4123974.9751211125
302587.88889131765,4123974.9251373773
302587.884306306,4123974.875153688
302587.87972095987,4123974.8251700513
302587.8751352323,4123974.775186475
302587.87054906983,4123974.725202967
302587.86596241157,4123974.675219537
302587.861375188,4123974.625236196
302587.85678732,4123974.5752529562
302587.8521987175,4123974.5252698315
302587.8476092777,4123974.4752868386
302587.84301888366,4123974.4253039956
302587.8384274021,4123974.3753213244
302587.833834681,4123974.325338848
302587.82924054743,4123974.2753565926
302587.82464480423,4123974.2253745906
302587.8200472267,4123974.175392878
302587.8154475589,4123974.1254114946
302587.8108455093,4123974.075430486
302587.8062407458,4123974.0254499037
302587.8016328899,4123973.975469808
302587.79702151037,4123973.925490266
302587.7924061161,4123973.875511355
302587.7877861475,4123973.825533164
302587.7831609669,4123973.775555793
302587.77852984786,4123973.7255793563
302587.7738919629,4123973.675603984
302587.76924636913,4123973.6256298246
302587.76459199237,4123973.575657046
302587.7599276088,4123973.5256858408
302587.75525182404,4123973.475716429
302587.75056304975,4123973.42574906
302587.74585947604,4123973.3757840195
302587.74113904097,4123973.3258216307
302587.7363993954,4123973.2758622644
302587.7316378629,4123973.2259063404
302587.7268513943,4123973.1759543386
302587.7220365154,4123973.126006806
302587.7171892683,4123973.076064364
302587.7123051435,4123973.0261277226
302587.70737900335,4123972.97619769
302587.7024049944,4123972.926275186
302587.69737644785,4123972.87636126
302587.6922857656,4123972.8264571084
302587.6871242913,4123972.7765640914
302587.68188216235,4123972.7266837605
302587.6765481422,4123972.6768178833
302587.671109429,4123972.626968473
302587.66555143707,4123972.5771378246
302587.6598575488,4123972.5273285513
302587.6540088313,4123972.477543631
302587.6479837141,4123972.427786457
302587.6417576215,4123972.378060894
302587.6353025538,4123972.3283713474
302587.6285866104,4123972.278722834
302587.6215734461,4123972.229121071
302587.6142216523,4123972.17957257
302587.60648405104,4123972.130084753
302587.5983068916,4123972.080666075
302587.58962893457,4123972.0313261678
302587.5805114194,4123971.982055399
302587.5710080971,4123971.9328453145
302587.56116614555,4123971.8836884927
302587.5510269736,4123971.8345784205
302587.54062692646,4123971.785509382
302587.52999790496,4123971.7364763585
302587.5191679088,4123971.687474946
302587.5081615139,4123971.63850128
302587.4970002907,4123971.5895519666
302587.4857031722,4123971.540624029
302587.47428677615,4123971.4917148533
302587.46276568825,4123971.4428221444
302587.4511527104,4123971.393943888
302587.4394590793,4123971.345078318
302587.42769465747,4123971.2962238826
302587.4158681014,4123971.24737922
302587.40398700914,4123971.198543136
302587.3920580497,4123971.1497145803
302587.3800870764,4123971.100892633
302587.36807922693,4123971.052076486
302587.3560390108,4123971.00326543
302587.3439703859,4123970.954458843
302587.3318768264,4123970.9056561776
302587.3197613815,4123970.8568569547
302587.30762672756,4123970.808060753
302587.29547521385,4123970.7592672035
302587.2833089021,4123970.7104759817
302587.2711296022,4123970.6616868027
302587.2589389025,4123970.6128994175
302587.2467381973,4123970.564113606
302587.23452871037,4123970.5153291747
302587.2223115158,4123970.466545956
302587.2100875565,4123970.417763802
302587.19785765983,4123970.3689825814
302587.1856225522,4123970.3202021807
302587.1733828711,4123970.271422499
302587.16113917605,4123970.2226434485
302587.14889195823,4123970.1738649528
302587.1366416488,4123970.1250869436
302587.12438862596,4123970.07630936
302587.112133222,4123970.027532152
302587.0998757283,4123969.978755272
302587.0876164008,4123969.929978681
302587.07535546395,4123969.8812023425
302587.0630931149,4123969.832426226
302587.05082952656,4123969.7836503037
302587.0385648508,4123969.734874553
302587.0262992209,4123969.686098953
302587.01403275394,4123969.6373234843
302587.0017655524,4123969.5885481318
302586.9894977064,4123969.5397728807
302586.97722929507,4123969.490997718
302586.9649603876,4123969.4422226334
302586.95269104524,4123969.3934476175
302586.94042132114,4123969.3446726603
302586.92815126234,4123969.2958977562
302586.9158809099,4123969.2471228987
302586.9036103,4123969.198348081
302586.89133946423,4123969.1495732996
302586.8790684305,4123969.100798549
302586.8667972233,4123969.052023826
302586.85452586383,4123969.003249127
302586.842254371,4123968.9544744487
302586.82998276124,4123968.9056997886
302586.81771104905,4123968.8569251443
302586.8054392471,4123968.8081505145
302586.7931673664,4123968.7593758963
302586.78089541686,4123968.710601289
302586.7686234068,4123968.661826691
302586.7563513439,4123968.6130521023
302586.7440792347,4123968.5642775204
302586.73180708505,4123968.5155029446
302586.71953489986,4123968.466728375
302586.7072626836,4123968.41795381
302586.69499044016,4123968.36917925
302586.682718173,4123968.320404694
302586.67044588504,4123968.271630141
302586.65817357897,4123968.2228555907
302586.64590125694,4123968.1740810433
302586.633628921,4123968.1253064983
302586.6213565729,4123968.076531955
302586.6090842142,4123968.027757414
302586.59681184636,4123967.9789828737
302586.5845394704,4123967.9302083347
302586.57226708735,4123967.8814337966
302586.55999469815,4123967.83265926
302586.5477223036,4123967.783884724
302586.5354499044,4123967.7351101898
302586.523177501,4123967.686335656
302586.510905094,4123967.6375611224
302586.4986326839,4123967.588786589
302586.4863602711,4123967.540012056
302586.47408785607,4123967.4912375235
302586.4618154389,4123967.442462991
302586.44954301976,4123967.393688459
302586.4372705991,4123967.3449139274
302586.4249981771,4123967.296139396
302586.41272575385,4123967.2473648647
302586.4004533296,4123967.198590334
302586.38818090444,4123967.1498158034
302586.3759084785,4123967.101041273
302586.3636360518,4123967.052266743
302586.3513636244,4123967.0034922124
302586.3390911963,4123966.9547176817
302586.32681876764,4123966.9059431516
302586.3145463385,4123966.857168621
302586.3022739088,4123966.8083940903
302586.2900014786,4123966.75961956
302586.2777290479,4123966.71084503
302586.26545661665,4123966.6620704993
302586.2531841849,4123966.6132959686
302586.24091175257,4123966.5645214384
302586.2286393196,4123966.5157469083
302586.2163668859,4123966.4669723785
302586.2040944514,4123966.418197849
302586.1918220161,4123966.3694233196
302586.1795495799,4123966.320648791
302586.1672771427,4123966.271874262
302586.1550047043,4123966.2230997337
302586.1427322644,4123966.174325206
302586.13045982295,4123966.125550678
302586.11818737973,4123966.0767761506
302586.10591493436,4123966.028001623
302586.0936424866,4123965.979227097
302586.0813700361,4123965.9304525717
302586.06909758254,4123965.8816780476
302586.0568251253,4123965.8329035244
302586.04455266387,4123965.7841290026
302586.03228019766,4123965.7353544817
302586.0200077259,4123965.6865799623
302586.00773524796,4123965.637805445
302585.99546276283,4123965.58903093
302585.9831902694,4123965.540256417
302585.9709177665,4123965.491481907
302585.95864525286,4123965.4427074003
302585.94637272676,4123965.3939328967
302585.93410018657,4123965.345158397
302585.92182763014,4123965.296383903
302585.9095550551,4123965.247609414
302585.8972824587,4123965.1988349315
302585.8850098381,4123965.150060455
302585.87273718964,4123965.101285986
302585.86046450946,4123965.0525115263
302585.84819179296,4123965.003737076
302585.83591903496,4123964.9549626373
302585.8236462297,4123964.906188211
302585.81137337035,4123964.8574137995
302585.79910044937,4123964.8086394058
302585.78682745795,4123964.7598650316
302585.77455438604,4123964.7110906797
302585.7622812224,4123964.662316354
302585.750007954,4123964.6135420566
302585.73773456627,4123964.5647677914
302585.72546104225,4123964.5159935644
302585.713187363,4123964.4672193807
302585.70091350656,4123964.4184452468
302585.688639448,4123964.3696711683
302585.67636515916,4123964.3208971545
302585.66409060755,4123964.272123214
302585.6518157566,4123964.223349356
302585.63954056427,4123964.1745755933
302585.62726498285,4123964.125801939
302585.614988958,4123964.077028408
302585.60271242773,4123964.0282550175
302585.5904353213,4123963.979481787
302585.57815755846,4123963.930708739
302585.5658790473,4123963.881935899
302585.55359968357,4123963.833163297
302585.54131934815,4123963.7843909645
302585.5290379057,4123963.7356189396
302585.51675520156,4123963.6868472653
302585.5044710599,4123963.6380759906
302585.49218528013,4123963.5893051713
302585.47989763407,4123963.5405348707
302585.4676078614,4123963.4917651615
302585.45531566563,4123963.442996125
302585.4430207092,4123963.3942278563
302585.43072260724,4123963.345460462
302585.41842092137,4123963.296694064
302585.4061151523,4123963.247928801
302585.3938047309,4123963.1991648325
302585.381489009,4123963.150402337
302585.3691672481,4123963.1016415204
302585.35683860665,4123963.0528826164
302585.3445021261,4123963.0041258913
302585.3321567143,4123962.9553716495
302585.3198011269,4123962.9066202356
302585.30743394623,4123962.857872044
302585.295053557,4123962.8091275254
302585.28265811916,4123962.76038719
302585.2702455362,4123962.711651621
302585.2578134194,4123962.6629214818
302585.24535904755,4123962.614197529
302585.2328793201,4123962.5654806243
302585.2203707045,4123962.5167717505
302585.2078291763,4123962.4680720265
302585.1952501501,4123962.4193827263
302585.182628402,4123962.3707053023
302585.16995798005,4123962.322041409
302585.1572321031,4123962.2733929325
302585.14444304525,4123962.2247620192
302585.1315820045,4123962.1761511173
302585.1186389522,4123962.127563013
302585.10560246266,4123962.079000884
302585.0924595184,4123962.030468348
302585.07919528824,4123961.9819695274
302585.06579287467,4123961.9335091207
302585.052233026,4123961.8850924796
302585.0384938085,4123961.8367257006
302585.0245502324,4123961.788415732
302585.01037382655,4123961.740170487
302584.995932153,4123961.6919989837
302584.9812576498,4123961.6438922044
302584.96637878806,4123961.595842235
302584.9513205577,4123961.5478421277
302584.9361048925,4123961.4998857863
302584.9207510443,4123961.4519678582
302584.90527591045,4123961.4040836464
302584.8896943223,4123961.3562290273
302584.8740192973,4123961.3084003823
302584.8582622613,4123961.2605945356
302584.8424332429,4123961.2128087
302584.8265410442,4123961.165040428
302584.81059339124,4123961.117287571
302584.7945970651,4123961.0695482446
302584.7785580176,4123961.021820795
302584.76248147304,4123960.9741037693
302584.74637201655,4123960.9263958926
302584.7302336727,4123960.878696047
302584.71406997414,4123960.831003249
302584.6978840212,4123960.7833166383
302584.6816785353,4123960.735635457
302584.6654559051,4123960.6879590414
302584.649218227,4123960.6402868093
302584.63296734134,4123960.5926182484
302584.61670486315,4123960.54495291
302584.60043221014,4123960.4972904
302584.5841506267,4123960.4496303718
302584.56786120485,4123960.4019725234
302584.55156490323,4123960.3543165876
302584.5352625633,4123960.3066623304
302584.51895492367,4123960.2590095466
302584.50264263235,4123960.2113580555
302584.48632625834,4123960.163707699
302584.4700063011,4123960.116058339
302584.45368319895,4123960.0684098536
302584.43735733663,4123960.020762136
302584.4210290517,4123959.973115092
302584.4046986407,4123959.925468639
302584.3883663637,4123959.877822704
302584.3720324491,4123959.8301772247
302584.35569709726,4123959.782532144
302584.3393604841,4123959.734887414
302584.323022764,4123959.6872429918
302584.3066840726,4123959.6395988395
302584.2903445287,4123959.5919549237
302584.2740042368,4123959.5443112156
302584.2576632885,4123959.49666769
302584.2413217642,4123959.4490243252
302584.2249797344,4123959.4013811015
302584.20863726124,4123959.353738002
302584.19229439896,4123959.306095011
302584.17595119536,4123959.258452115
302584.15960769233,4123959.210809302
302584.14326392655,4123959.163166561
302584.12691993034,4123959.115523884
302584.11057573196,4123959.0678812633
302584.0942313563,4123959.020238692
302584.0778868251,4123958.972596164
302584.0615421574,4123958.9249536735
302584.0451973702,4123958.8773112157
302584.0288524781,4123958.8296687873
302584.012507494,4123958.782026385
302583.99616242945,4123958.7343840045
302583.97981729417,4123958.686741643
302583.96347209695,4123958.639099298
302583.9471268455,4123958.5914569683
302583.93078154646,4123958.5438146517
302583.91443620576,4123958.4961723466
302583.89809082856,4123958.448530052
302583.8817454194,4123958.400887766
302583.8653999822,4123958.3532454874
302583.8490545204,4123958.305603216
302583.83270903723,4123958.2579609505
302583.8163635353,4123958.2103186906
302583.80001801695,4123958.162676436
302583.78367248416,4123958.1150341853
302583.7673269388,4123958.067391939
302583.75098138244,4123958.019749696
302583.73463581636,4123957.972107456
302583.7182902419,4123957.9244652186
302583.70194466005,4123957.876822983
302583.6855990718,4123957.8291807496
302583.6692534778,4123957.781538517
302583.65290787903,4123957.733896286
302583.63656227593,4123957.6862540566
302583.6202166692,4123957.638611828
302583.6038710592,4123957.5909696007
302583.5875254463,4123957.5433273744
302583.57117983093,4123957.4956851485
302583.55483421346,4123957.4480429227
302583.538488594,4123957.4004006973
302583.5221429729,4123957.3527584723
302583.50579735043,4123957.3051162474
302583.4894517267,4123957.257474023
302583.47310610197,4123957.209831799
302583.4567604763,4123957.162189575
302583.44041484984,4123957.1145473514
302583.4240692227,4123957.0669051283
302583.4077235949,4123957.019262905
302583.3913779666,4123956.9716206826
302583.3750323378,4123956.9239784605
302583.35868670855,4123956.8763362383
302583.3423410789,4123956.8286940157
302583.325995449,4123956.781051793
302583.3096498188,4123956.7334095705
302583.29330418835,4123956.6857673484
302583.2769585577,4123956.6381251263
302583.2606129269,4123956.5904829036
302583.244267296,4123956.542840681
302583.2279216649,4123956.4951984584
302583.2115760337,4123956.4475562363
302583.1952304023,4123956.399914014
302583.17888477084,4123956.3522717915
302583.16253913933,4123956.304629569
302583.1461935078,4123956.256987347
302583.12984787626,4123956.2093451247
302583.11350224464,4123956.161702902
302583.097156613,4123956.1140606795
302583.08081098134,4123956.0664184573
302583.0644653496,4123956.018776235
302583.04811971786,4123955.9711340126
302583.03177408606,4123955.92349179
302583.01542845427,4123955.8758495674
302582.9990828224,4123955.828207345
302582.98273719056,4123955.780565123
302582.9663915587,4123955.7329229005
302582.95004592685,4123955.685280678
302582.93370029493,4123955.6376384557
302582.91735466296,4123955.5899962336
302582.901009031,4123955.542354011
302582.88466339896,4123955.4947117884
302582.8683177669,4123955.447069566
302582.8519721348,4123955.399427344
302582.83562650264,4123955.3517851215
302582.8192808705,4123955.304142899
302582.8029352383,4123955.2565006763
302582.7865896061,4123955.208858454
302582.7702439738,4123955.161216232
302582.7538983415,4123955.1135740094
302582.73755270906,4123955.065931787
302582.7212070765,4123955.0182895646
302582.7048614438,4123954.9706473425
302582.6885158109,4123954.92300512
302582.67217017786,4123954.8753628973
302582.6558245446,4123954.8277206747
302582.6394789112,4123954.7800784525
302582.6231332775,4123954.7324362304
302582.6067876435,4123954.6847940083
302582.59044200927,4123954.637151786
302582.5740963746,4123954.5895095645
302582.5577507395,4123954.5418673432
302582.54140510387,4123954.494225122
302582.5250594676,4123954.4465829013
302582.5087138305,4123954.398940681
302582.4923681927,4123954.3512984607
302582.476022554,4123954.303656241
302582.4596769142,4123954.2560140216
302582.44333127316,4123954.2083718022
302582.4269856307,4123954.1607295834
302582.41063998657,4123954.113087365
302582.3942943405,4123954.065445148
302582.37794869224,4123954.017802932
302582.36160304147,4123953.970160717
302582.34525738785,4123953.9225185034
302582.3289117309,4123953.874876291
302582.3125660702,4123953.82723408
302582.296220405,4123953.7795918705
302582.27987473493,4123953.731949663
302582.2635290592,4123953.6843074574
302582.24718337675,4123953.6366652553
302582.2308376868,4123953.589023057
302582.2144919883,4123953.5413808627
302582.1981462799,4123953.493738672
302582.1818005603,4123953.4460964873
302582.1654548278,4123953.3984543076
302582.1491090805,4123953.3508121343
302582.13276331633,4123953.3031699676
302582.11641753296,4123953.255527809
302582.10007172753,4123953.207885659
302582.083725897,4123953.1602435196
302582.0673800378,4123953.112601391
302582.0510341458,4123953.0649592765
302582.0346882164,4123953.017317177
302582.0183422443,4123952.9696750944
302582.00199622347,4123952.9220330315
302581.98565014696,4123952.8743909923
302581.96930400695,4123952.8267489797
302581.95295779454,4123952.7791069965
302581.93661149946,4123952.7314650463
302581.9202651102,4123952.683823134
302581.90391861356,4123952.6361812647
302581.88757199433,4123952.588539446
302581.87122523546,4123952.5408976846
302581.85487831733,4123952.493255989
302581.8385312176,4123952.445614368
302581.8221839109,4123952.397972832
302581.80583636824,4123952.3503313935
302581.78948855674,4123952.302690065
302581.7731404387,4123952.2550488617
302581.7567919714,4123952.2074078014
302581.74044310587,4123952.1597669045
302581.7240937866,4123952.112126194
302581.7077439504,4123952.064485695
302581.69139352493,4123952.016845438
302581.6750424281,4123951.9692054554
302581.65869056626,4123951.921565786
302581.6423378327,4123951.8739264742
302581.62598410586,4123951.8262875695
302581.60962924716,4123951.7786491285
302581.593273099,4123951.7310112165
302581.5769154815,4123951.683373906
302581.5605561899,4123951.635737282
302581.5441949909,4123951.58810144
302581.5278316187,4123951.5404664893
302581.5114657703,4123951.492832553
302581.49509710085,4123951.4451997727
302581.4787252173,4123951.397568309
302581.46234967164,4123951.349938348
302581.44596995367,4123951.302310097
302581.42958548205,4123951.254683794
302581.4131955945,4123951.2070597108
302581.39679953654,4123951.1594381565
302581.38039644854,4123951.111819484
302581.36398535094,4123951.0642040935
302581.3475651279,4123951.0165924444
302581.33113450813,4123950.9689850556
302581.31469204323,4123950.921382522
302581.29823608295,4123950.87378552
302581.28176474705,4123950.8261948195
302581.2652758936,4123950.778611299
302581.24876708206,4123950.7310359585
302581.23223553196,4123950.6834699386
302581.2156780754,4123950.6359145367
302581.1990911033,4123950.588371232
302581.18247050355,4123950.5408417108
302581.1658115913,4123950.4933278924
302581.14910902886,4123950.4458319647
302581.13235673506,4123950.3983564205
302581.11554778134,4123950.3509040996
302581.09867427405,4123950.3034782377
302581.08172721945,4123950.25608252
302581.06469637115,4123950.208721147
302581.04757005494,4123950.1613989035
302581.03033497033,4123950.11412124
302581.01297596365,4123950.066894369
302580.9954757701,4123950.0197253665
302580.9778147195,4123949.972622294
302580.96001248196,4123949.9255770897
302580.9420863225,4123949.8785826773
302580.9240513947,4123949.831632846
302580.9059209992,4123949.7847221433
302580.88770681014,4123949.7378457855
302580.8694190741,4123949.690999572
302580.8510667846,4123949.6441798173
302580.8326578355,4123949.597383286
302580.8141991553,4123949.5506071374
302580.7956968254,4123949.503848879
302580.7771561832,4123949.4571063244
302580.75858191383,4123949.410377552
302580.7399781293,4123949.363660877
302580.72134843876,4123949.316954821
302580.70269601006,4123949.270258084
302580.68402362376,4123949.2235695277
302580.66533372033,4123949.1768881506
302580.6466284419,4123949.1302130753
302580.6279096685,4123949.0835435307
302580.6091790504,4123949.036878841
302580.59043803613,4123948.9902184117
302580.57168789685,4123948.943561723
302580.5529297486,4123948.896908317
302580.53416457074,4123948.850257793
302580.51539322286,4123948.8036097977
302580.49661645957,4123948.7569640214
302580.4778349431,4123948.7103201933
302580.4590492549,4123948.663678075
302580.44025990495,4123948.6170374583
302580.4214673413,4123948.570398159
302580.4026719569,4123948.5237600147
302580.38387409685,4123948.477122885
302580.36507406394,4123948.430486647
302580.3462721239,4123948.3838511906
302580.32746851014,4123948.337216421
302580.3086634273,4123948.290582253
302580.2898570553,4123948.243948613
302580.2710495517,4123948.197315436
302580.25224105513,4123948.150682667
302580.233431687,4123948.1040502544
302580.21462155395,4123948.057418156
302580.1958107497,4123948.0107863317
302580.1769993564,4123947.964154749
302580.1581874463,4123947.917523378
302580.13937508245,4123947.870892193
302580.12056232063,4123947.8242611717
302580.10174920945,4123947.7776302937
302580.08293579187,4123947.730999542
302580.0641221054,4123947.6843689005
302580.045308183,4123947.6377383554
302580.0264940536,4123947.591107895
302580.00767974264,4123947.544477509
302579.9888652724,4123947.4978471873
302579.9700506623,4123947.4512169235
302579.9512359296,4123947.4045867096
302579.93242108944,4123947.3579565394
302579.913606155,4123947.3113264083
302579.89479113783,4123947.264696311
302579.8759760481,4123947.2180662444
302579.8571608948,4123947.1714362036
302579.83834568574,4123947.124806185
302579.8195304278,4123947.0781761855
302579.8007151269,4123947.031546204
302579.7818997886,4123946.984916237
302579.7630844173,4123946.938286284
302579.7442690173,4123946.8916563424
302579.72545359185,4123946.845026411
302579.7066381444,4123946.7983964896
302579.68782267754,4123946.751766576
302579.66900719365,4123946.705136669
302579.6501916949,4123946.658506768
302579.6313761831,4123946.611876873
302579.61256065994,4123946.5652469825
302579.5937451268,4123946.5186170964
302579.5749295849,4123946.4719872144
302579.5561140354,4123946.4253573357
302579.53729847923,4123946.3787274603
302579.5184829172,4123946.3320975867
302579.49966735014,4123946.2854677155
302579.4808517786,4123946.2388378466
302579.4620362031,4123946.1922079786
302579.44322062423,4123946.145578112
302579.42440504243,4123946.098948247
302579.4055894579,4123946.0523183825
302579.38677387114,4123946.0056885197
302579.3679582824,4123945.9590586578
302579.349142692,4123945.912428797
302579.33032710006,4123945.865798937
302579.3115115068,4123945.819169077
302579.2926959123,4123945.772539217
302579.2738803169,4123945.7259093574
302579.2550647206,4123945.679279498
302579.2362491236,4123945.6326496387
302579.21743352583,4123945.58601978
302579.1986179275,4123945.5393899214
302579.17980232864,4123945.492760063
302579.16098672926,4123945.4461302054
302579.1421711295,4123945.3995003477
302579.12335552933,4123945.3528704904
302579.10453992884,4123945.306240633
302579.085724328,4123945.259610776
302579.06690872693,4123945.2129809186
302579.0480931256,4123945.1663510613
302579.0292775239,4123945.119721204
302579.01046192204,4123945.073091347
302578.99164631986,4123945.0264614895
302578.9728307174,4123944.979831632
302578.9540151147,4123944.9332017754
302578.9351995117,4123944.8865719186
302578.9163839084,4123944.839942062
302578.8975683048,4123944.793312205
302578.8787527008,4123944.7466823487
302578.85993709636,4123944.7000524923
302578.84112149145,4123944.6534226364
302578.82230588596,4123944.6067927806
302578.80349027977,4123944.560162925
302578.78467467276,4123944.51353307
302578.76585906505,4123944.4669032153
302578.7470434564,4123944.420273361
302578.7282278467,4123944.373643507
302578.7094122357,4123944.327013653
302578.6905966233,4123944.2803837988
302578.67178100924,4123944.233753946
302578.6529653932,4123944.187124095
302578.6341497751,4123944.1404942446
302578.6153341545,4123944.093864396
302578.596518531,4123944.0472345487
302578.57770290424,4123944.0006047026
302578.5588872738,4123943.953974859
302578.540071639,4123943.9073450165
302578.5212559992,4123943.8607151764
302578.50244035374,4123943.8140853387
302578.4836247019,4123943.767455504
302578.46480904263,4123943.720825672
302578.4459933749,4123943.674195844
302578.42717769736,4123943.6275660214
302578.40836200875,4123943.5809362037
302578.3895463074,4123943.534306392
302578.37073059153,4123943.4876765865
302578.3519148591,4123943.441046788
302578.3330991078,4123943.394416998
302578.3142833348,4123943.3477872172
302578.29546753713,4123943.301157448
302578.2766517112,4123943.2545276913
302578.257835853,4123943.2078979486
302578.239019958,4123943.1612682226
302578.2202040211,4123943.1146385144
302578.2013880362,4123943.068008828
302578.18257199664,4123943.0213791663
302578.16375589476,4123942.9747495325
302578.1449397218,4123942.9281199304
302578.1261234676,4123942.881490364
302578.10730712087,4123942.8348608394
302578.0884906687,4123942.788231362
302578.0696740962,4123942.7416019384
302578.05085738644,4123942.6949725747
302578.0320405204,4123942.6483432814
302578.0132234761,4123942.6017140676
302577.9944062286,4123942.5550849456
302577.97558874945,4123942.508455926
302577.95677100634,4123942.4618270244
302577.9379529624,4123942.415198257
302577.9191345756,4123942.368569643
302577.90031579806,4123942.321941202
302577.88149657525,4123942.27531296
302577.862676845,4123942.2286849446
302577.84385653655,4123942.182057188
302577.82503556926,4123942.135429725
302577.8062138512,4123942.0888025966
302577.78739127767,4123942.04217585
302577.7685677295,4123941.9955495386
302577.7497430707,4123941.948923723
302577.7309171465,4123941.902298472
302577.7120897805,4123941.8556738645
302577.6932607718,4123941.8090499896
302577.6744298915,4123941.7624269496
302577.6555968787,4123941.7158048614
302577.6367614363,4123941.6691838573
302577.61792322574,4123941.622564088
302577.5990818613,4123941.575945726
302577.5802369037,4123941.529328968
302577.5613878522,4123941.482714037
302577.5425341364,4123941.436101187
302577.5236751064,4123941.389490708
302577.50481002196,4123941.3428829303
302577.48593803955,4123941.2962782304
302577.4670581981,4123941.249677037
302577.4481694027,4123941.203079839
302577.429270406,4123941.1564871925
302577.4103597868,4123941.1098997327
302577.39143592585,4123941.063318182
302577.3724969783,4123941.016743362
302577.3535408424,4123940.9701762116
302577.33456512366,4123940.9236177993
302577.3155670937,4123940.877069343
302577.2965436443,4123940.830532228
302577.27749123395,4123940.784008036
302577.2584058281,4123940.737498566
302577.2392828297,4123940.6910058707
302577.22011700156,4123940.644532287
302577.2009023766,4123940.598080476
302577.18163215666,4123940.5516534722
302577.16229859623,4123940.5052547315
302577.1428928707,4123940.458888191
302577.12340492615,4123940.4125583367
302577.1038233079,4123940.36627028
302577.08413496526,4123940.320029845
302577.0643250293,4123940.2738436656
302577.04437655973,4123940.2277193004
302577.0243064969,4123940.1816491904
302577.0041297097,4123940.1356267016
302576.9838592488,4123940.0896460107
302576.963506569,4123940.0437020063
302576.94308172434,4123939.997790202
302576.9225935394,4123939.951906661
302576.90204975964,4123939.9060479268
302576.8814571834,4123939.860210966
302576.8608217776,4123939.8143931157
302576.8401487796,4123939.7685920396
302576.8194427864,4123939.7228056863
302576.7987078326,4123939.677032255
302576.7779474597,4123939.6312701656
302576.757164776,4123939.585518032
302576.7363625097,4123939.5397746353
302576.7155430555,4123939.4940389083
302576.69470851513,4123939.4483099123
302576.67386073346,4123939.402586825
302576.6530013296,4123939.356868924
302576.6321317249,4123939.311155575
302576.6112531668,4123939.2654462205
302576.59036675,4123939.219740373
302576.5694734357,4123939.1740376027
302576.5485740673,4123939.1283375346
302576.5276693852,4123939.0826398367
302576.50676003925,4123939.0369442203
302576.4858465998,4123938.9912504302
302576.4649295674,4123938.9455582434
302576.4440093816,4123938.899867463
302576.4230864279,4123938.8541779174
302576.40216104506,4123938.8084894563
302576.38123353006,4123938.762801946
302576.36030414375,4123938.7171152714
302576.33937311504,4123938.67142933
302576.3184406448,4123938.6257440317
302576.29750690947,4123938.5800592974
302576.27657206374,4123938.5343750585
302576.2556362435,4123938.4886912545
302576.2346995681,4123938.4430078324
302576.21376214206,4123938.3973247446
302576.19282405725,4123938.3516419507
302576.17188539443,4123938.3059594147
302576.15094622434,4123938.260277105
302576.1300066091,4123938.2145949947
302576.1090666032,4123938.1689130585
302576.08812625444,4123938.1232312755
302576.0671856049,4123938.0775496275
302576.0462446914,4123938.0318680974
302576.0253035464,4123937.986186669
302576.0043621982,4123937.940505332
302575.98342067166,4123937.894824074
302575.96247898875,4123937.8491428867
302575.94153716863,4123937.8034617603
302575.92059522815,4123937.7577806874
302575.8996531821,4123937.7120996616
302575.8787110434,4123937.666418677
302575.8577688235,4123937.6207377296
302575.8368265324,4123937.5750568137
302575.8158841788,4123937.529375925
302575.7949417705,4123937.4836950605
302575.7739993141,4123937.438014218
302575.75305681565,4123937.3923333935
302575.7321142803,4123937.346652585
302575.7111717126,4123937.300971791
302575.6902291166,4123937.25529101
302575.6692864958,4123937.20961024
302575.6483438532,4123937.1639294797
302575.6274011915,4123937.118248728
302575.60645851307,4123937.0725679845
302575.58551582,4123937.0268872464
302575.5645731142,4123936.981206514
302575.5436303972,4123936.9355257866
302575.52268767037,4123936.889845064
302575.501744935,4123936.8441643454
302575.48080219206,4123936.79848363
302575.45985944243,4123936.752802918
302575.4389166871,4123936.7071222095
302575.4179739269,4123936.661441503
302575.3970311622,4123936.6157607986
302575.37608839374,4123936.5700800964
302575.35514562187,4123936.524399395
302575.33420284704,4123936.4787186948
302575.3132600697,4123936.433037996
302575.2923172901,4123936.3873572983
302575.27137450856,4123936.3416766017
302575.25043172535,4123936.295995906
302575.2294889406,4123936.250315211
302575.2085461546,4123936.204634516
302575.18760336743,4123936.1589538213
302575.16666057927,4123936.113273127
302575.14571779023,4123936.067592433
302575.1247750005,4123936.0219117394
302575.1038322101,4123935.976231046
302575.08288941917,4123935.930550353
302575.06194662774,4123935.8848696603
302575.0410038359,4123935.839188968
302575.0200610437,4123935.793508276
302574.99911825114,4123935.747827584
302574.9781754583,4123935.7021468924
302574.95723266527,4123935.656466201
302574.936289872,4123935.6107855095
302574.9153470785,4123935.565104818
302574.8944042849,4123935.519424126
302574.87346149114,4123935.473743434
302574.8525186972,4123935.4280627426
302574.83157590317,4123935.382382051
302574.81063310895,4123935.3367013596
302574.7896903147,4123935.291020668
302574.76874752034,4123935.2453399766
302574.747804726,4123935.1996592847
302574.7268619316,4123935.1539785927
302574.7059191372,4123935.108297901
302574.6849763428,4123935.0626172097
302574.6640335483,4123935.0169365183
302574.6430907538,4123934.9712558268
302574.62214795925,4123934.9255751353
302574.6012051647,4123934.879894444
302574.58026237006,4123934.834213752
302574.5593195754,4123934.78853306
302574.5383767807,4123934.7428523684
302574.51743398607,4123934.697171677
302574.4964911914,4123934.6514909854
302574.4755483967,4123934.605810294
302574.454605602,4123934.5601296024
302574.43366280734,4123934.514448911
302574.4127200127,4123934.4687682195
302574.391777218,4123934.4230875275
302574.37083442335,4123934.3774068356
302574.34989162866,4123934.331726144
302574.328948834,4123934.2860454526
302574.30800603935,4123934.240364761
302574.2870632447,4123934.1946840696
302574.26612045,4123934.149003378
302574.2451776553,4123934.103322686
302574.2242348606,4123934.057641994
302574.203292066,4123934.0119613027
302574.1823492713,4123933.966280611
302574.16140647663,4123933.9205999197
302574.140463682,4123933.8749192283
302574.1195208873,4123933.829238537
302574.09857809264,4123933.7835578453
302574.07763529796,4123933.7378771533
302574.0566925033,4123933.6921964614
302574.03574970865,4123933.64651577
302574.01480691397,4123933.6008350784
302573.9938641193,4123933.555154387
302573.9729213246,4123933.5094736954
302573.9519785299,4123933.463793004
302573.9310357353,4123933.4181123124
302573.9100929406,4123933.3724316205
302573.88915014593,4123933.3267509285
302573.86820735125,4123933.281070237
302573.84726455656,4123933.2353895456
302573.82632176194,4123933.189708854
302573.80537896726,4123933.1440281626
302573.7844361726,4123933.098347471
302573.7634933779,4123933.052666779
302573.7425505832,4123933.006986087
302573.7216077886,4123932.9613053957
302573.7006649939,4123932.915624704
302573.6797221992,4123932.8699440127
302573.6587794046,4123932.8242633212
302573.6378366099,4123932.7785826297
302573.6168938152,4123932.7329019383
302573.59595102054,4123932.6872212463
302573.57500822586,4123932.6415405544
302573.55406543124,4123932.595859863
302573.53312263655,4123932.5501791714
302573.51217984187,4123932.50449848
302573.4912370472,4123932.4588177884
302573.4702942525,4123932.413137097
302573.4493514579,4123932.3674564054
302573.4284086632,4123932.321775714
302573.4074658685,4123932.276095022
302573.38652307383,4123932.23041433
302573.36558027915,4123932.1847336385
302573.3446374845,4123932.139052947
302573.32369468984,4123932.0933722556
302573.30275189516,4123932.047691564
302573.2818091005,4123932.0020108726
302573.2608663058,4123931.956330181
302573.23992351117,4123931.910649489
302573.2189807165,4123931.864968797
302573.1980379218,4123931.8192881057
302573.1770951272,4123931.773607414
302573.1561523325,4123931.7279267227
302573.1352095378,4123931.6822460312
302573.1142667431,4123931.6365653398
302573.09332394844,4123931.590884648
302573.0723811538,4123931.545203956
302573.05143835914,4123931.4995232644
302573.03049556445,4123931.453842573
302573.00955276977,4123931.4081618814
302572.9886099751,4123931.36248119
302572.96766718046,4123931.3168004984
302572.9467243858,4123931.271119807
302572.9257815911,4123931.225439115
302572.9048387964,4123931.179758423
302572.88389600173,4123931.1340777315
302572.8629532071,4123931.08839704
302572.8420104124,4123931.0427163485
302572.82106761774,4123930.997035657
302572.80012482306,4123930.9513549656
302572.7791820284,4123930.905674274
302572.75823923375,4123930.859993582
302572.73729643907,4123930.81431289
302572.7163536444,4123930.7686321987
302572.69541084976,4123930.722951507
302572.6744680551,4123930.6772708157
302572.6535252604,4123930.631590124
302572.6325824657,4123930.5859094327
302572.611639671,4123930.540228741
302572.5906968764,4123930.494548049
302572.5697540817,4123930.4488673573
302572.54881128704,4123930.403186666
302572.52786849235,4123930.3575059744
302572.5069256977,4123930.311825283
302572.48598290305,4123930.2661445914
302572.46504010836,4123930.2204639
302572.4440973137,4123930.1747832084
302572.423154519,4123930.1291025165
302572.4022117243,4123930.0834218245
302572.3812689297,4123930.037741133
302572.360326135,4123929.9920604415
302572.3393833403,4123929.94637975
302572.31844054564,4123929.9006990585
302572.29749775096,4123929.855018367
302572.2765549563,4123929.8093376756
302572.2556121616,4123929.7636569836
302572.23466936685,4123929.7179762917
302572.21372657205,4123929.6722956
302572.19278377725,4123929.6266149087
302572.1718409824,4123929.580934217
302572.1508981875,4123929.5352535257
302572.12995539256,4123929.489572834
302572.1090125976,4123929.4438921427
302572.08806980256,4123929.398211451
302572.0671270075,4123929.352530759
302572.04618421244,4123929.3068500673
302572.0252414173,4123929.261169376
302572.00429862196,4123929.2154886844
302571.9833558265,4123929.169807993
302571.9624130309,4123929.1241273014
302571.9414702352,4123929.0784466094
302571.9205274393,4123929.0327659175
302571.8995846432,4123928.987085226
302571.8786418468,4123928.941404535
302571.8576990502,4123928.895723844
302571.83675625327,4123928.8500431534
302571.8158134559,4123928.804362463
302571.79487065814,4123928.7586817727
302571.77392785985,4123928.7130010827
302571.75298506103,4123928.667320393
302571.73204226163,4123928.621639704
302571.7110994614,4123928.5759590147
302571.69015666033,4123928.530278326
302571.66921385826,4123928.484597638
302571.64827105496,4123928.4389169496
302571.62732825044,4123928.3932362613
302571.60638544447,4123928.3475555745
302571.58544263674,4123928.301874889
302571.5644998269,4123928.2561942046
302571.54355701484,4123928.2105135215
302571.52261420013,4123928.1648328393
302571.5016713824,4123928.1191521585
302571.4807285612,4123928.07347148
302571.459785736,4123928.0277908035
302571.4388429062,4123927.982110129
302571.4179000712,4123927.936429458
302571.3969572302,4123927.8907487905
302571.3760143823,4123927.845068127
302571.35507152654,4123927.7993874676
302571.3341286618,4123927.753706813
302571.31318578665,4123927.7080261633
302571.2922428997,4123927.6623455198
302571.2712999994,4123927.6166648837
302571.2503570837,4123927.570984255
302571.22941415047,4123927.525303635
302571.2084711971,4123927.4796230253
302571.1875282208,4123927.4339424274
302571.16658521834,4123927.3882618425
302571.145642186,4123927.3425812726
302571.1246991196,4123927.296900719
302571.10375601414,4123927.251220186
302571.0828128643,4123927.205539675
302571.0618696637,4123927.15985919
302571.0409264053,4123927.1141787353
302571.0199830809,4123927.0684983134
302570.9990396813,4123927.0228179293
302570.97809619585,4123926.9771375884
302570.9571526125,4123926.931457297
302570.9362089176,4123926.8857770623
302570.9152650955,4123926.8400968933
302570.8943211283,4123926.794416798
302570.8733769958,4123926.7487367867
302570.85243267484,4123926.7030568724
302570.8314881391,4123926.657377067
302570.81054335856,4123926.6116973865
302570.7895982989,4123926.5660178466
302570.76865292125,4123926.5203384687
302570.74770718114,4123926.4746592753
302570.72676102805,4123926.4289802923
302570.70581440435,4123926.383301548
302570.68486724433,4123926.3376230765
302570.66391947324,4123926.291944916
302570.6429710058,4123926.2462671106
302570.62202174496,4123926.200589708
302570.6010715801,4123926.154912766
302570.5801203851,4123926.109236348
302570.5591680165,4123926.0635605264
302570.5382143107,4123926.017885385
302570.51725908124,4123925.9722110187
302570.4963021158,4123925.9265375356
302570.47534317255,4123925.880865058
302570.4543819758,4123925.8351937262
302570.43341821164,4123925.7895237007
302570.41245152225,4123925.7438551635
302570.39148150006,4123925.6981883217
302570.3705076808,4123925.6525234105
302570.3495295354,4123925.6068607
302570.32854646107,4123925.5612004967
302570.30755777133,4123925.5155431502
302570.28656268364,4123925.469889058
302570.2655603067,4123925.4242386734
302570.24454962503,4123925.378592513
302570.22352948156,4123925.3329511653
302570.20249855815,4123925.2873153007
302570.18145535304,4123925.2416856834
302570.1603981551,4123925.1960631837
302570.139325015,4123925.1504487935
302570.11823371163,4123925.104843642
302570.0971217146,4123925.059249017
302570.075986141,4123925.013666384
302570.05482370616,4123924.968097414
302570.03363066784,4123924.922544011
302570.0124027624,4123924.8770083436
302569.9911351323,4123924.831492882
302569.9698222432,4123924.786000442
302569.94845778955,4123924.7405342306
302569.92703458754,4123924.6950979014
302569.9055444523,4123924.649695619
302569.8839780588,4123924.604332126
302569.8623247827,4123924.559012827
302569.8405725196,4123924.513743878
302569.8187074785,4123924.468532294
302569.7967139472,4123924.423386068
302569.774607638,4123924.3782972074
302569.75240234187,4123924.3332586973
302569.73011016316,4123924.288264381
302569.7077417263,4123924.2433088534
302569.68530635635,4123924.1983873723
302569.66281223827,4123924.1534957746
302569.6402665559,4123924.108630405
302569.6176756146,4123924.0637880554
302569.5950449489,4123924.0189659125
302569.5723794164,4123923.974161505
302569.54968328075,4123923.929372663
302569.5269602841,4123923.8845974854
302569.5042137112,4123923.839834301
302569.48144644493,4123923.7950816415
302569.4586610159,4123923.7503382214
302569.435859645,4123923.7056029094
302569.4130442817,4123923.660874715
302569.390216637,4123923.6161527676
302569.3673782128,4123923.571436303
302569.34453032725,4123923.5267246515
302569.3216741374,4123923.4820172233
302569.2988106586,4123923.437313503
302569.2759407824,4123923.3926130366
302569.2530652909,4123923.347915427
302569.23018487106,4123923.303220324
302569.2073001254,4123923.258527422
302569.18441158294,4123923.2138364506
302569.1615197081,4123923.1691471743
302569.13862490846,4123923.1244593854
302569.1157275417,4123923.079772902
302569.0928279217,4123923.035087565
302569.06992632424,4123922.9904032336
302569.0470229911,4123922.9457197855
302569.0241181347,4123922.9010371123
302569.0012119413,4123922.8563551195
302568.9783045745,4123922.811673723
302568.9553961778,4123922.766992851
302568.9324868772,4123922.7223124383
302568.90957678336,4123922.6776324282
302568.88666599337,4123922.632952773
302568.8637545925,4123922.588273429
302568.8408426554,4123922.5435943576
302568.8179302478,4123922.498915525
302568.7950174273,4123922.4542369028
302568.77210424445,4123922.409558465
302568.74919074366,4123922.364880189
302568.72627696395,4123922.320202054
302568.70336293936,4123922.2755240444
302568.68044870003,4123922.230846144
302568.65753427224,4123922.1861683396
302568.63461967907,4123922.1414906187
302568.6117049408,4123922.0968129723
302568.58879007533,4123922.0521353907
302568.5658750982,4123922.007457866
302568.54296002316,4123921.9627803904
302568.5200448622,4123921.9181029582
302568.49712962593,4123921.8734255643
302568.47421432356,4123921.8287482043
302568.45129896334,4123921.7840708736
302568.4283835523,4123921.7393935686
302568.4054680968,4123921.6947162854
302568.3825526022,4123921.6500390223
302568.3596370734,4123921.6053617764
302568.33672151464,4123921.5606845464
302568.31380592956,4123921.5160073293
302568.29089032137,4123921.4713301244
302568.267974693,4123921.4266529297
302568.245059047,4123921.381975744
302568.22214338556,4123921.3372985655
302568.19922771043,4123921.292621394
302568.1763120234,4123921.247944229
302568.1533963261,4123921.203267069
302568.13048061973,4123921.1585899144
302568.1075649053,4123921.113912764
302568.08464918396,4123921.069235617
302568.06173345644,4123921.024558473
302568.0388177237,4123920.9798813323
302568.0159019862,4123920.935204194
302567.9929862447,4123920.8905270575
302567.9700704996,4123920.8458499233
302567.94715475134,4123920.8011727906
302567.92423900025,4123920.7564956592
302567.9013232469,4123920.711818529
302567.87840749143,4123920.6671414
302567.8554917342,4123920.622464272
302567.83257597545,4123920.5777871455
302567.8096602153,4123920.5331100198
302567.7867444539,4123920.4884328945
302567.7638286915,4123920.443755769
302567.74091292825,4123920.3990786443
302567.71799716423,4123920.3544015195
302567.6950813995,4123920.309724395
302567.67216563417,4123920.2650472713
302567.6492498683,4123920.2203701474
302567.6263341019,4123920.175693024
302567.60341833514,4123920.1310159005
302567.58050256793,4123920.0863387776
302567.5575868005,4123920.0416616546
302567.53467103274,4123919.996984532
302567.5117552648,4123919.95230741
302567.4888394966,4123919.907630288
302567.46592372836,4123919.8629531655
302567.4430079599,4123919.8182760435
302567.4200921913,4123919.7735989215
302567.3971764226,4123919.728921799
302567.3742606537,4123919.6842446765
302567.3513448847,4123919.6395675545
302567.3284291157,4123919.5948904324
302567.3055133467,4123919.55021331
302567.28259757767,4123919.5055361874
302567.2596818086,4123919.4608590654
302567.2367660395,4123919.4161819434
302567.2138502704,4123919.371504821
302567.1909345012,4123919.326827699
302567.168018732,4123919.282150577
302567.14510296274,4123919.2374734543
302567.1221871934,4123919.192796332
302567.0992714241,4123919.14811921
302567.07635565475,4123919.103442088
302567.0534398854,4123919.0587649653
302567.030524116,4123919.014087843
302567.00760834664,4123918.9694107207
302566.9846925773,4123918.9247335987
302566.9617768079,4123918.880056476
302566.9388610385,4123918.8353793537
302566.91594526905,4123918.7907022317
302566.8930294997,4123918.7460251097
302566.8701137303,4123918.701347987
302566.84719796095,4123918.656670865
302566.8242821916,4123918.611993743
302566.8013664222,4123918.5673166206
302566.77845065284,4123918.522639498
302566.7555348835,4123918.477962376
302566.7326191141,4123918.433285254
302566.70970334474,4123918.3886081316
302566.68678757537,4123918.343931009
302566.663871806,4123918.299253887
302566.64095603663,4123918.254576765
302566.61804026726,4123918.2098996425
302566.59512449784,4123918.16522252
302566.5722087284,4123918.120545398
302566.54929295904,4123918.075868276
302566.5263771897,4123918.0311911535
302566.5034614203,4123917.9865140314
302566.48054565093,4123917.9418369094
302566.45762988157,4123917.897159787
302566.4347141122,4123917.8524826644
302566.41179834283,4123917.8078055424
302566.38888257346,4123917.7631284203
302566.3659668041,4123917.718451298
302566.3430510347,4123917.673774176
302566.32013526536,4123917.629097054
302566.297219496,4123917.5844199313
302566.27430372656,4123917.539742809
302566.25138795713,4123917.4950656868
302566.22847218777,4123917.4503885647
302566.2055564184,4123917.405711442
302566.182640649,4123917.3610343197
302566.15972487966,4123917.3163571977
302566.1368091103,4123917.2716800757
302566.1138933409,4123917.227002953
302566.09097757156,4123917.1823258307
302566.0680618022,4123917.1376487087
302566.0451460328,4123917.0929715866
302566.02223026345,4123917.048294464
302565.9993144941,4123917.003617342
302565.9763987247,4123916.95894022
302565.95348295534,4123916.9142630976
302565.9305671859,4123916.869585975
302565.9076514165,4123916.824908853
302565.8847356471,4123916.780231731
302565.86181987775,4123916.7355546085
302565.8389041084,4123916.690877486
302565.815988339,4123916.646200364
302565.79307256965,4123916.601523242
302565.7701568003,4123916.5568461195
302565.7472410309,4123916.512168997
302565.72432526154,4123916.467491875
302565.7014094922,4123916.422814753
302565.6784937228,4123916.3781376304
302565.65557795344,4123916.3334605084
302565.63266218407,4123916.2887833863
302565.60974641464,4123916.244106264
302565.5868306452,4123916.1994291414
302565.56391487585,4123916.1547520193
302565.5409991065,4123916.1100748973
302565.5180833371,4123916.065397775
302565.49516756774,4123916.0207206523
302565.4722517984,4123915.9760435303
302565.449336029,4123915.9313664082
302565.4264202596,4123915.8866892857
302565.40350449015,4123915.8420121637
302565.38058872067,4123915.7973350417
302565.3576729511,4123915.752657919
302565.3347571816,4123915.7079807967
302565.311841412,4123915.6633036747
302565.2889256423,4123915.6186265526
302565.26600987266,4123915.57394943
302565.24309410295,4123915.5292723076
302565.22017833317,4123915.484595185
302565.1972625634,4123915.439918062
302565.17434679356,4123915.395240939
302565.1514310236,4123915.350563816
302565.1285152535,4123915.305886692
302565.10559948324,4123915.261209568
302565.0826837128,4123915.2165324437
302565.05976794224,4123915.171855319
302565.0368521715,4123915.127178194
302565.01393640065,4123915.0825010687
302564.9910206295,4123915.0378239434
302564.968104858,4123914.9931468177
302564.94518908625,4123914.9484696905
302564.9222733141,4123914.903792562
302564.8993575415,4123914.8591154325
302564.8764417683,4123914.8144383016
302564.85352599435,4123914.769761169
302564.8306102196,4123914.7250840357
302564.80769444414,4123914.6804068997
302564.7847786678,4123914.635729762
302564.7618628904,4123914.591052622
302564.7389471115,4123914.546375479
302564.71603133105,4123914.501698333
302564.69311554893,4123914.4570211833
302564.6701997648,4123914.412344029
302564.64728397835,4123914.3676668704
302564.6243681893,4123914.322989705
302564.6014523973,4123914.278312534
302564.57853660174,4123914.233635356
302564.5556208021,4123914.1889581694
302564.5327049979,4123914.144280973
302564.50978918845,4123914.0996037647
302564.48687337287,4123914.054926544
302564.46395755035,4123914.010249308
302564.44104171987,4123913.9655720554
302564.4181258802,4123913.9208947835
302564.39521003,4123913.876217488
302564.3722941679,4123913.831540168
302564.349378292,4123913.786862818
302564.32646240044,4123913.7421854353
302564.30354649096,4123913.697508014
302564.28063056094,4123913.6528305486
302564.25771460746,4123913.6081530326
302564.2347986272,4123913.56347546
302564.21188261634,4123913.5187978214
302564.1889665705,4123913.4741201084
302564.1660504847,4123913.4294423107
302564.1431343533,4123913.3847644147
302564.1202181699,4123913.340086408
302564.0973019271,4123913.2954082745
302564.0743856166,4123913.250729997
302564.0514692287,4123913.2060515545
302564.0285527527,4123913.1613729233
302564.00563617615,4123913.116694078
302563.98271948483,4123913.0720149875
302563.9598026628,4123913.0273356177
302563.93688569154,4123912.9826559294
302563.9139685503,4123912.937975878
302563.8910512153,4123912.8932954133
302563.8681336594,4123912.8486144766
302563.84521585173,4123912.803933002
302563.822297757,4123912.7592509147
302563.79937933525,4123912.714568129
302563.7764605408,4123912.6698845476
302563.75354132155,4123912.6252000593
302563.7306216183,4123912.580514537
302563.7077013634,4123912.535827838
302563.68478048017,4123912.4911397966
302563.6618588807,4123912.4464502255
302563.6389364654,4123912.401758913
302563.61601312034,4123912.357065615
302563.59308871615,4123912.3123700554
302563.5701631051,4123912.267671919
302563.547236119,4123912.222970847
302563.52430756623,4123912.17826643
302563.50137722865,4123912.133558202
302563.47844485764,4123912.0888456325
302563.45551016985,4123912.044128116
302563.4325728426,4123911.9994049636
302563.4096325082,4123911.9546753904
302563.3866887478,4123911.909938502
302563.3637410841,4123911.865193279
302563.3407889735,4123911.8204385615
302563.31783179654,4123911.7756730267
302563.2948688475,4123911.730895167
302563.2718993224,4123911.6861032667
302563.2489223052,4123911.6412953697
302563.2259367523,4123911.5964692472
302563.2029414747,4123911.551622361
302563.1799351178,4123911.5067518177
302563.15691613825,4123911.4618543223
302563.1338827777,4123911.416926122
302563.1108330329,4123911.3719629375
302563.0877646213,4123911.3269598964
302563.06467494275,4123911.281911446
302563.0415610344,4123911.23681126
302563.018419521,4123911.191652133
302562.9952465567,4123911.146425852
302562.9720377603,4123911.1011230634
302562.94878813974,4123911.0557331075
302562.9254920078,4123911.010243841
302562.90214288473,4123910.9646414295
302562.878733388,4123910.918910109
302562.85525510664,4123910.8730319208
302562.83169845794,4123910.8269864037
302562.8080525238,4123910.780750246
302562.78430486517,4123910.7342968876
302562.7604413099,4123910.6875960687
302562.73644571134,4123910.6406133138
302562.7122996734,4123910.593309343
302562.68798223673,4123910.5456394046
302562.663469522,4123910.4975525113
302562.638734323,4123910.448990573
302562.613745643,4123910.3998874067
302562.5884681667,4123910.3501676065
302562.5628616586,4123910.299745263
302562.5368802775,4123910.2485224972
302562.51047179557,4123910.1963877925
302562.48357670824,4123910.1432140963
302562.45612722076,4123910.088856654
