302494.03904746403,4123782.2922747293
302494.0154039308,4123782.2418215545
302493.9917526801,4123782.191373242
302493.96808586316,4123782.1409347355
302493.9443953662,4123782.0905111446
302493.92067267175,4123782.0401078337
302493.8969087139,4123781.989730511
302493.87309372384,4123781.9393853303
302493.8492170631,4123781.8890789906
302493.8252670428,4123781.8388188537
302493.801230724,4123781.7886130675
302493.77709369786,4123781.738470706
302493.75283983955,4123781.688401924
302493.7284510337,4123781.638418129
302493.7039068661,4123781.5885321773
302493.67918427545,4123781.538758591
302493.6542571609,4123781.4891138067
302493.629095937,4123781.4396164548
302493.60375001194,4123781.3902868927
302493.5782656471,4123781.341148335
302493.55268674536,4123781.292227251
302493.5270555989,4123781.243553815
302493.50141361,4123781.1951624197
302493.475801996,4123781.1470922623
302493.450262492,4123781.099388014
302493.42483806144,4123781.0521005793
302493.3995146325,4123781.0051789884
302493.3742798538,4123780.9585785056
302493.34912288457,4123780.912259864
302493.32403420954,4123780.8661885993
302493.29900547693,4123780.820334462
302493.27402935654,4123780.7746709003
302493.24909941416,4123780.72917461
302493.22421000246,4123780.683825136
302493.19935616467,4123780.638604525
302493.1745335501,4123780.593497019
302493.1497383399,4123780.5484887855
302493.124967182,4123780.503567684
302493.1002171344,4123780.4587230585
302493.0754856146,4123780.4139455557
302493.0507703557,4123780.3692269656
302493.0260693679,4123780.324560082
302493.0013809045,4123780.2799385795
302492.97670343216,4123780.235356905
302492.9520356048,4123780.1908101854
302492.92737624043,4123780.1462941407
302492.9027243017,4123780.101805015
302492.87807887734,4123780.0573395113
302492.853439167,4123780.0128947343
302492.8288044678,4123779.968468142
302492.80417416233,4123779.924057502
302492.77954770776,4123779.8796608527
302492.7549246269,4123779.835276472
302492.7303045001,4123779.7909028474
302492.70568695804,4123779.746538648
302492.68107167527,4123779.702182704
302492.6564583649,4123779.657833987
302492.6318467735,4123779.61349159
302492.6072366769,4123779.5691547156
302492.5826278766,4123779.524822659
302492.5580201958,4123779.480494798
302492.533413477,4123779.436170583
302492.50880757894,4123779.3918495243
302492.48420237435,4123779.347531188
302492.4595977477,4123779.3032151847
302492.4349935934,4123779.2589011663
302492.4103898136,4123779.2145888186
302492.3857863171,4123779.1702778544
302492.3611830174,4123779.125968011
302492.3365798312,4123779.081659045
302492.31197667716,4123779.0373507286
302492.28737347457,4123778.993042843
302492.2627701419,4123778.9487351775
302492.23816659517,4123778.904427526
302492.2135627469,4123778.860119683
302492.18895850435,4123778.8158114394
302492.16435376805,4123778.771502578
302492.13974843017,4123778.7271928727
302492.11514237267,4123778.6828820813
302492.09053546505,4123778.6385699445
302492.06592756236,4123778.5942561803
302492.0413185028,4123778.549940479
302492.01670810475,4123778.5056224964
302491.9920961639,4123778.461301851
302491.96748244955,4123778.416978115
302491.94286670064,4123778.3726508087
302491.91824862175,4123778.3283193917
302491.89362787764,4123778.2839832534
302491.8690040876,4123778.239641702
302491.84437681903,4123778.195293955
302491.81974558014,4123778.150939123
302491.79510981153,4123778.1065761964
302491.77046887664,4123778.0622040294
302491.7458220509,4123778.017821315
302491.7211685093,4123777.9734265707
302491.6965073125,4123777.929018107
302491.6718373908,4123777.884594
302491.6471575259,4123777.8401520615
302491.62246632995,4123777.795689798
302491.59776222234,4123777.75120437
302491.57304340234,4123777.7066925447
302491.5483078187,4123777.6621506377
302491.52355313447,4123777.617574454
302491.49877668737,4123777.5729592126
302491.47397544445,4123777.528299469
302491.44914595044,4123777.483589019
302491.42428426864,4123777.4388207975
302491.3993859139,4123777.393986752
302491.37444577663,4123777.3490777095
302491.34945803526,4123777.304083221
302491.3244160572,4123777.2589913807
302491.2993122861,4123777.213788624
302491.2741381125,4123777.1684594974
302491.2488837279,4123777.122986393
302491.2235379572,4123777.0773492516
302491.1980880684,4123777.0315252203
302491.1725195556,4123776.9854882597
302491.1468158922,4123776.939208704
302491.1209582488,4123776.8926527547
302491.09492517286,4123776.8457819046
302491.0686922231,4123776.798552281
302491.0422315528,4123776.7509138994
302491.0155114359,4123776.7028098116
302490.98849572614,4123776.6541751344
302490.96128213155,4123776.605184987
302490.9339649888,4123776.556008434
302490.9066368707,4123776.5068113627
302490.8793901629,4123776.457759311
302490.85231863824,4123776.409020288
302490.82539924537,4123776.3605530877
302490.798611525,4123776.312321135
302490.77193726087,4123776.264291862
302490.74536017014,4123776.216436154
302490.71886562544,4123776.168727855
302490.69244040566,4123776.1211433187
302490.666072471,4123776.0736610093
302490.6397507577,4123776.0262611303
302490.61346498947,4123775.9789252914
302490.58720550255,4123775.931636193
302490.56096308085,4123775.884377331
302490.53472879925,4123775.8371327193
302490.50849387125,4123775.7898866124
302490.48224949953,4123775.74262324
302490.45598672575,4123775.6953265388
302490.4296962783,4123775.6479798756
302490.403368414,4123775.6005657674
302490.3769927522,4123775.5530655817
302490.3505580981,4123775.5054592206
302490.3240522519,4123775.457724776
302490.29746180074,4123775.409838159
302490.27078952716,4123775.3618044425
302490.2440368195,4123775.313626192
302490.21720369585,4123775.265303512
302490.1902888042,4123775.216834045
302490.1632893995,4123775.1682129344
302490.13620129705,4123775.119432739
302490.1090188008,4123775.070483307
302490.0817346064,4123775.0213516043
302490.05433967715,4123774.972021491
302490.0268230896,4123774.922473446
302489.9991718475,4123774.872684237
302489.9713706606,4123774.8226265223
302489.9434016839,4123774.772268385
302489.9152921091,4123774.721657947
302489.8870667324,4123774.670839032
302489.8587483772,4123774.6198519124
302489.83035828255,4123774.568733993
302489.80191646534,4123774.5175204515
302489.7734420612,4123774.4662448363
302489.74495365046,4123774.4149396378
302489.71646957484,4123774.363636842
302489.68800824974,4123774.3123684768
302489.6596660132,4123774.261310391
302489.63154123223,4123774.210642019
302489.6037359785,4123774.1605494306
302489.5763577672,4123774.111228509
302489.5493543782,4123774.0625848905
302489.5226799769,4123774.0145357535
302489.4962943336,4123773.967008402
302489.4701621381,4123773.919939031
302489.4442523982,4123773.8732716376
302489.41853791155,4123773.8269570665
302489.3929948021,4123773.780952174
302489.3676021135,4123773.7352190926
302489.34234145214,4123773.6897245836
302489.3171966736,4123773.6444394756
302489.2921536076,4123773.599338162
302489.26719981665,4123773.5543981683
302489.24232438434,4123773.509599769
302489.217517729,4123773.4649256496
302489.19277144055,4123773.420360613
302489.1680781374,4123773.3758913213
302489.1434313407,4123773.3315060665
302489.11882536364,4123773.287194573
302489.09425521485,4123773.2429478206
302489.06971651333,4123773.198757894
302489.04520541383,4123773.154617844
302489.0207185412,4123773.110521572
302488.996252933,4123773.066463725
302488.97180598916,4123773.0224396046
302488.9473754273,4123772.9784450866
302488.92295924434,4123772.9344765507
302488.8985556819,4123772.89053082
302488.87416319683,4123772.846605106
302488.8497804344,4123772.802696961
302488.8254062058,4123772.758804237
302488.80103946733,4123772.714925048
302488.7766793031,4123772.671057738
302488.752324909,4123772.6272008545
302488.7279755793,4123772.5833531227
302488.70363069477,4123772.5395134236
302488.6792897115,4123772.4956807736
302488.65495215234,4123772.4518543114
302488.6306175984,4123772.4080332797
302488.6062856821,4123772.364217014
302488.5819560806,4123772.320404932
302488.55762851075,4123772.27659652
302488.5333027239,4123772.2327913307
302488.50897850166,4123772.1889889683
302488.48465565266,4123772.1451890874
302488.4603340087,4123772.1013913834
302488.4360134221,4123772.057595591
302488.41169376345,4123772.013801475
302488.3873749191,4123771.9700088305
302488.3630567892,4123771.926217477
302488.3387392861,4123771.882427256
302488.3144223331,4123771.838638029
302488.29010586254,4123771.7948496738
302488.2657898153,4123771.751062083
302488.24147413933,4123771.707275164
302488.2171587891,4123771.6634888332
302488.1928437246,4123771.6197030186
302488.16852891067,4123771.5759176565
302488.1442143165,4123771.5321326917
302488.11989991495,4123771.488348075
302488.0955856824,4123771.444563764
302488.0712715979,4123771.400779721
302488.0469576432,4123771.3569959123
302488.02264380234,4123771.313212309
302487.9983300612,4123771.2694288865
302487.9740164075,4123771.225645622
302487.9497028303,4123771.1818624954
302487.9253893202,4123771.1380794896
302487.9010758688,4123771.09429659
302487.8767624689,4123771.0505137835
302487.852449114,4123771.0067310585
302487.82813579857,4123770.962948405
302487.8038225177,4123770.919165814
302487.7795092671,4123770.875383277
302487.75519604277,4123770.8316007876
302487.73088284157,4123770.78781834
302487.70656966063,4123770.744035929
302487.6822564973,4123770.70025355
302487.65794334945,4123770.6564711994
302487.633630215,4123770.612688873
302487.6093170924,4123770.5689065685
302487.5850039801,4123770.525124282
302487.56069087685,4123770.481342012
302487.5363777813,4123770.4375597565
302487.51206469256,4123770.393777512
302487.4877516098,4123770.3499952783
302487.46343853226,4123770.3062130543
302487.4391254592,4123770.262430839
302487.4148123901,4123770.2186486297
302487.3904993245,4123770.1748664267
302487.36618626176,4123770.1310842293
302487.34187320166,4123770.0873020366
302487.31756014377,4123770.043519848
302487.29324708786,4123769.9997376627
302487.2689340337,4123769.9559554807
302487.24462098104,4123769.912173302
302487.22030792973,4123769.8683911255
302487.1959948795,4123769.824608951
302487.1716818302,4123769.7808267786
302487.1473687816,4123769.7370446073
302487.1230557338,4123769.693262437
302487.09874268674,4123769.649480268
302487.07442964014,4123769.6056981
302487.050116594,4123769.5619159327
302487.0258035482,4123769.518133767
302487.00149050285,4123769.4743516017
302486.9771774577,4123769.430569437
302486.95286441286,4123769.386787272
302486.9285513683,4123769.3430051077
302486.90423832386,4123769.299222944
302486.8799252796,4123769.25544078
302486.8556122355,4123769.2116586166
302486.8312991915,4123769.1678764536
302486.8069861477,4123769.1240942907
302486.7826731041,4123769.080312128
302486.7583600605,4123769.036529966
302486.73404701694,4123768.992747804
302486.70973397343,4123768.9489656426
302486.6854209299,4123768.905183481
302486.66110788647,4123768.8614013195
302486.63679484307,4123768.8176191575
302486.6124817997,4123768.7738369955
302486.58816875634,4123768.730054834
302486.56385571306,4123768.6862726724
302486.5395426698,4123768.642490511
302486.51522962656,4123768.5987083493
302486.49091658334,4123768.5549261877
302486.4666035401,4123768.5111440257
302486.4422904969,4123768.4673618637
302486.4179774537,4123768.423579702
302486.39366441045,4123768.3797975406
302486.3693513673,4123768.336015379
302486.3450383241,4123768.2922332175
302486.3207252809,4123768.248451056
302486.2964122377,4123768.204668894
302486.2720991945,4123768.160886732
302486.24778615136,4123768.1171045704
302486.22347310814,4123768.073322409
302486.1991600649,4123768.0295402473
302486.17484702176,4123767.9857580857
302486.1505339786,4123767.9419759237
302486.1262209354,4123767.8981937617
302486.10190789215,4123767.8544116
302486.07759484893,4123767.8106294386
302486.05328180577,4123767.766847277
302486.0289687626,4123767.7230651155
302486.0046557194,4123767.679282954
302485.98034267616,4123767.635500792
302485.956029633,4123767.59171863
302485.93171658984,4123767.5479364684
302485.9074035466,4123767.504154307
302485.8830905034,4123767.4603721453
302485.8587774602,4123767.4165899837
302485.834464417,4123767.372807822
302485.81015137385,4123767.32902566
302485.78583833063,4123767.285243498
302485.7615252874,4123767.2414613366
302485.73721224425,4123767.197679175
302485.7128992011,4123767.1538970135
302485.68858615786,4123767.110114852
302485.66427311464,4123767.06633269
302485.6399600714,4123767.022550528
302485.61564702826,4123766.9787683664
302485.5913339851,4123766.934986205
302485.5670209419,4123766.8912040433
302485.54270789865,4123766.8474218817
302485.5183948555,4123766.80363972
302485.4940818123,4123766.759857558
302485.4697687691,4123766.716075396
302485.4454557259,4123766.6722932346
302485.42114268267,4123766.628511073
302485.3968296395,4123766.5847289115
302485.37251659634,4123766.54094675
302485.3482035531,4123766.4971645884
302485.3238905099,4123766.4533824264
302485.29957746674,4123766.4096002644
302485.2752644236,4123766.365818103
302485.25095138035,4123766.3220359413
302485.22663833713,4123766.2782537797
302485.20232529397,4123766.234471618
302485.1780122508,4123766.190689456
302485.1536992076,4123766.146907294
302485.12938616436,4123766.1031251326
302485.10507312114,4123766.059342971
302485.080760078,4123766.0155608095
302485.0564470348,4123765.971778648
302485.0321339916,4123765.9279964864
302485.0078209484,4123765.8842143244
302484.9835079052,4123765.8404321624
302484.95919486205,4123765.796650001
302484.93488181883,4123765.7528678393
302484.9105687756,4123765.7090856778
302484.8862557324,4123765.665303516
302484.8619426892,4123765.6215213547
302484.83762964606,4123765.5777391926
302484.81331660284,4123765.5339570306
302484.7890035596,4123765.490174869
302484.76469051646,4123765.4463927075
302484.7403774733,4123765.402610546
302484.7160644301,4123765.3588283844
302484.69175138685,4123765.3150462224
302484.66743834363,4123765.2712640604
302484.64312530047,4123765.227481899
302484.6188122573,4123765.1836997373
302484.5944992141,4123765.1399175758
302484.57018617087,4123765.096135414
302484.5458731277,4123765.0523532527
302484.52156008454,4123765.0085710906
302484.4972470413,4123764.9647889286
302484.4729339981,4123764.921006767
302484.4486209549,4123764.8772246055
302484.4243079117,4123764.833442444
302484.39999486855,4123764.7896602824
302484.37568182533,4123764.745878121
302484.3513687821,4123764.702095959
302484.32705573895,4123764.658313797
302484.3027426958,4123764.6145316353
302484.27842965256,4123764.5707494738
302484.25411660934,4123764.526967312
302484.2298035662,4123764.4831851507
302484.205490523,4123764.4394029886
302484.1811774798,4123764.3956208266
302484.1568644366,4123764.351838665
302484.13255139336,4123764.3080565035
302484.1082383502,4123764.264274342
302484.08392530703,4123764.2204921804
302484.0596122638,4123764.176710019
302484.0352992206,4123764.132927857
302484.0109861774,4123764.089145695
302483.98667313426,4123764.0453635333
302483.96236009104,4123764.0015813718
302483.9380470478,4123763.95779921
302483.9137340046,4123763.9140170487
302483.88942096144,4123763.870234887
302483.8651079183,4123763.826452725
302483.84079487505,4123763.782670563
302483.81648183183,4123763.7388884015
302483.79216878867,4123763.69510624
302483.7678557455,4123763.6513240784
302483.7435427023,4123763.607541917
302483.71922965907,4123763.563759755
302483.69491661584,4123763.519977593
302483.6706035727,4123763.4761954313
302483.6462905295,4123763.4324132698
302483.6219774863,4123763.388631108
302483.5976644431,4123763.3448489467
302483.5733513999,4123763.301066785
302483.54903835675,4123763.257284623
302483.52472531353,4123763.213502461
302483.5004122703,4123763.1697202995
302483.47609922715,4123763.125938138
302483.451786184,4123763.0821559764
302483.42747314076,4123763.038373815
302483.40316009754,4123762.9945916533
302483.3788470543,4123762.9508094913
302483.35453401116,4123762.9070273293
302483.330220968,4123762.863245168
302483.3059079248,4123762.819463006
302483.28159488156,4123762.7756808447
302483.2572818384,4123762.731898683
302483.23296879523,4123762.688116521
302483.208655752,4123762.644334359
302483.1843427088,4123762.6005521975
302483.16002966557,4123762.556770036
302483.1357166224,4123762.5129878744
302483.11140357924,4123762.469205713
302483.087090536,4123762.4254235514
302483.0627774928,4123762.3816413893
302483.03846444964,4123762.3378592273
302483.0141514065,4123762.294077066
302482.98983836325,4123762.250294904
302482.96552532003,4123762.2065127427
302482.9412122768,4123762.162730581
302482.91689923365,4123762.1189484196
302482.8925861905,4123762.0751662576
302482.86827314727,4123762.0313840955
302482.84396010404,4123761.987601934
302482.8196470609,4123761.9438197725
302482.7953340177,4123761.900037611
302482.7710209745,4123761.8562554494
302482.7467079313,4123761.8124732873
302482.72239488806,4123761.7686911253
302482.6980818449,4123761.724908964
302482.67376880173,4123761.681126802
302482.6494557585,4123761.6373446407
302482.6251427153,4123761.593562479
302482.6008296721,4123761.5497803176
302482.57651662896,4123761.5059981556
302482.55220358574,4123761.4622159936
302482.5278905425,4123761.418433832
302482.50357749936,4123761.3746516705
302482.4792644562,4123761.330869509
302482.454951413,4123761.2870873474
302482.43063836975,4123761.243305186
302482.40632532653,4123761.199523024
302482.3820122834,4123761.155740862
302482.3576992402,4123761.1119587
302482.333386197,4123761.0681765387
302482.30907315377,4123761.024394377
302482.2847601106,4123760.9806122156
302482.26044706744,4123760.9368300536
302482.2361340242,4123760.8930478916
302482.211820981,4123760.84926573
302482.1875079378,4123760.8054835685
302482.1631948946,4123760.761701407
302482.13888185145,4123760.7179192454
302482.11456880823,4123760.674137084
302482.090255765,4123760.630354922
302482.06594272185,4123760.58657276
302482.0416296787,4123760.5427905982
302482.01731663547,4123760.4990084367
302481.99300359224,4123760.455226275
302481.968690549,4123760.4114441136
302481.94437750586,4123760.367661952
302481.9200644627,4123760.32387979
302481.8957514195,4123760.280097628
302481.87143837626,4123760.2363154665
302481.8471253331,4123760.192533305
302481.82281228993,4123760.1487511434
302481.7984992467,4123760.104968982
302481.7741862035,4123760.06118682
302481.74987316027,4123760.017404658
302481.7255601171,4123759.9736224962
302481.70124707394,4123759.9298403347
302481.6769340307,4123759.886058173
302481.6526209875,4123759.8422760116
302481.62830794434,4123759.79849385
302481.6039949012,4123759.754711688
302481.57968185795,4123759.710929526
302481.55536881473,4123759.6671473645
302481.5310557716,4123759.623365203
302481.5067427284,4123759.5795830414
302481.4824296852,4123759.53580088
302481.45811664197,4123759.4920187183
302481.43380359875,4123759.4482365563
302481.4094905556,4123759.4044543942
302481.3851775124,4123759.3606722327
302481.3608644692,4123759.316890071
302481.336551426,4123759.2731079096
302481.3122383828,4123759.229325748
302481.28792533965,4123759.185543586
302481.26361229643,4123759.141761424
302481.2392992532,4123759.0979792625
302481.21498621,4123759.054197101
302481.1906731668,4123759.0104149394
302481.16636012367,4123758.966632778
302481.14204708044,4123758.9228506163
302481.1177340372,4123758.8790684543
302481.09342099406,4123758.8352862922
302481.0691079509,4123758.7915041307
302481.0447949077,4123758.747721969
302481.02048186446,4123758.7039398076
302480.99616882124,4123758.660157646
302480.9718557781,4123758.6163754845
302480.9475427349,4123758.5725933225
302480.9232296917,4123758.5288111605
302480.89891664847,4123758.485028999
302480.8746036053,4123758.4412468374
302480.85029056214,4123758.397464676
302480.8259775189,4123758.3536825143
302480.8016644757,4123758.3099003523
302480.77735143254,4123758.2661181903
302480.7530383894,4123758.2223360287
302480.72872534615,4123758.178553867
302480.70441230293,4123758.1347717056
302480.6800992597,4123758.090989544
302480.65578621655,4123758.0472073825
302480.6314731734,4123758.0034252205
302480.60716013017,4123757.9596430585
302480.58284708695,4123757.915860897
302480.5585340438,4123757.8720787354
302480.5342210006,4123757.828296574
302480.5099079574,4123757.7845144123
302480.4855949142,4123757.7407322507
302480.46128187096,4123757.6969500887
302480.4369688278,4123757.6531679267
302480.41265578463,4123757.609385765
302480.3883427414,4123757.5656036036
302480.3640296982,4123757.521821442
302480.339716655,4123757.4780392805
302480.31540361186,4123757.4342571185
302480.29109056864,4123757.3904749565
302480.2667775254,4123757.346692795
302480.2424644822,4123757.3029106334
302480.21815143904,4123757.259128472
302480.1938383959,4123757.2153463103
302480.16952535266,4123757.1715641487
302480.14521230944,4123757.1277819867
302480.1208992663,4123757.0839998247
302480.0965862231,4123757.040217663
302480.0722731799,4123756.9964355016
302480.04796013667,4123756.95265334
302480.02364709345,4123756.9088711785
302479.9993340503,4123756.865089017
302479.9750210071,4123756.821306855
302479.9507079639,4123756.777524693
302479.9263949207,4123756.7337425314
302479.9020818775,4123756.68996037
302479.87776883435,4123756.6461782083
302479.85345579113,4123756.6023960467
302479.8291427479,4123756.5586138847
302479.80482970475,4123756.5148317227
302479.7805166616,4123756.471049561
302479.75620361837,4123756.4272673996
302479.73189057515,4123756.383485238
302479.7075775319,4123756.3397030765
302479.68326448876,4123756.295920915
302479.6589514456,4123756.252138753
302479.6346384024,4123756.208356591
302479.61032535916,4123756.1645744294
302479.586012316,4123756.120792268
302479.56169927283,4123756.0770101063
302479.5373862296,4123756.0332279447
302479.5130731864,4123755.989445783
302479.48876014317,4123755.945663621
302479.4644471,4123755.901881459
302479.44013405684,4123755.8580992976
302479.4158210136,4123755.814317136
302479.3915079704,4123755.7705349745
302479.36719492724,4123755.726752813
302479.3428818841,4123755.682970651
302479.31856884086,4123755.639188489
302479.29425579763,4123755.5954063274
302479.2699427544,4123755.551624166
302479.24562971125,4123755.5078420043
302479.2213166681,4123755.4640598428
302479.19700362487,4123755.420277681
302479.17269058165,4123755.376495519
302479.1483775385,4123755.332713357
302479.1240644953,4123755.2889311956
302479.0997514521,4123755.245149034
302479.0754384089,4123755.2013668725
302479.05112536566,4123755.157584711
302479.0268123225,4123755.1138025494
302479.00249927933,4123755.0700203874
302478.9781862361,4123755.0262382254
302478.9538731929,4123754.982456064
302478.9295601497,4123754.9386739023
302478.90524710657,4123754.8948917408
302478.88093406335,4123754.851109579
302478.8566210201,4123754.807327417
302478.83230797696,4123754.763545255
302478.8079949338,4123754.7197630936
302478.7836818906,4123754.675980932
302478.75936884736,4123754.6321987705
302478.73505580414,4123754.588416609
302478.710742761,4123754.5446344474
302478.6864297178,4123754.5008522854
302478.6621166746,4123754.4570701234
302478.63780363137,4123754.413287962
302478.6134905882,4123754.3695058003
302478.58917754504,4123754.3257236388
302478.5648645018,4123754.281941477
302478.5405514586,4123754.2381593157
302478.5162384154,4123754.1943771536
302478.4919253722,4123754.1505949916
302478.46761232906,4123754.10681283
302478.44329928583,4123754.0630306685
302478.4189862426,4123754.019248507
302478.39467319945,4123753.9754663454
302478.3703601563,4123753.9316841834
302478.34604711307,4123753.8879020214
302478.32173406985,4123753.84411986
302478.2974210266,4123753.8003376983
302478.27310798346,4123753.7565555368
302478.2487949403,4123753.712773375
302478.2244818971,4123753.6689912137
302478.20016885386,4123753.6252090517
302478.1758558107,4123753.5814268896
302478.15154276753,4123753.537644728
302478.1272297243,4123753.4938625665
302478.1029166811,4123753.450080405
302478.0786036379,4123753.4062982434
302478.05429059477,4123753.362516082
302478.02997755155,4123753.31873392
302478.0056645083,4123753.274951758
302477.9813514651,4123753.2311695963
302477.95703842194,4123753.1873874348
302477.9327253788,4123753.143605273
302477.90841233556,4123753.0998231117
302477.88409929234,4123753.0560409497
302477.8597862492,4123753.0122587876
302477.835473206,4123752.968476626
302477.8111601628,4123752.9246944645
302477.78684711957,4123752.880912303
302477.76253407635,4123752.8371301414
302477.7382210332,4123752.79334798
302477.71390799,4123752.749565818
302477.6895949468,4123752.705783656
302477.6652819036,4123752.6620014943
302477.6409688604,4123752.618219333
302477.61665581726,4123752.574437171
302477.59234277403,4123752.5306550097
302477.5680297308,4123752.486872848
302477.5437166876,4123752.443090686
302477.51940364443,4123752.399308524
302477.49509060127,4123752.3555263625
302477.47077755805,4123752.311744201
302477.4464645148,4123752.2679620394
302477.42215147166,4123752.224179878
302477.3978384285,4123752.180397716
302477.3735253853,4123752.136615554
302477.34921234206,4123752.0928333923
302477.32489929884,4123752.049051231
302477.3005862557,4123752.005269069
302477.2762732125,4123751.9614869077
302477.2519601693,4123751.917704746
302477.22764712607,4123751.873922584
302477.2033340829,4123751.830140422
302477.17902103974,4123751.7863582605
302477.1547079965,4123751.742576099
302477.1303949533,4123751.6987939375
302477.10608191014,4123751.655011776
302477.081768867,4123751.6112296144
302477.05745582376,4123751.5674474523
302477.03314278054,4123751.5236652903
302477.0088297373,4123751.479883129
302476.98451669415,4123751.436100967
302476.960203651,4123751.3923188057
302476.93589060777,4123751.348536644
302476.91157756455,4123751.304754482
302476.8872645214,4123751.26097232
302476.8629514782,4123751.2171901586
302476.838638435,4123751.173407997
302476.8143253918,4123751.1296258355
302476.79001234856,4123751.085843674
302476.7656993054,4123751.0420615124
302476.74138626223,4123750.9982793503
302476.717073219,4123750.9544971883
302476.6927601758,4123750.910715027
302476.66844713263,4123750.866932865
302476.64413408947,4123750.8231507037
302476.61982104625,4123750.779368542
302476.595508003,4123750.7355863806
302476.5711949598,4123750.6918042186
302476.54688191664,4123750.6480220566
302476.5225688735,4123750.604239895
302476.49825583026,4123750.5604577335
302476.47394278704,4123750.516675572
302476.4496297439,4123750.4728934104
302476.4253167007,4123750.4291112483
302476.4010036575,4123750.3853290863
302476.37669061427,4123750.341546925
302476.35237757105,4123750.2977647632
302476.3280645279,4123750.2539826017
302476.3037514847,4123750.21020044
302476.2794384415,4123750.1664182786
302476.2551253983,4123750.1226361166
302476.2308123551,4123750.0788539546
302476.20649931196,4123750.035071793
302476.18218626874,4123749.9912896315
302476.1578732255,4123749.94750747
302476.13356018235,4123749.9037253084
302476.1092471392,4123749.859943147
302476.08493409597,4123749.816160985
302476.06062105275,4123749.772378823
302476.0363080095,4123749.7285966612
302476.01199496636,4123749.6848144997
302475.9876819232,4123749.641032338
302475.96336888,4123749.5972501766
302475.93905583676,4123749.5534680146
302475.9147427936,4123749.5096858526
302475.89042975043,4123749.465903691
302475.8661167072,4123749.4221215295
302475.841803664,4123749.378339368
302475.8174906208,4123749.3345572064
302475.7931775776,4123749.290775045
302475.76886453445,4123749.246992883
302475.7445514912,4123749.203210721
302475.720238448,4123749.1594285592
302475.69592540484,4123749.1156463977
302475.6716123617,4123749.071864236
302475.64729931846,4123749.0280820746
302475.62298627524,4123748.9842999126
302475.598673232,4123748.9405177506
302475.57436018885,4123748.896735589
302475.5500471457,4123748.8529534275
302475.52573410247,4123748.809171266
302475.50142105925,4123748.7653891044
302475.4771080161,4123748.721606943
302475.4527949729,4123748.677824781
302475.4284819297,4123748.634042619
302475.4041688865,4123748.5902604572
302475.3798558433,4123748.5464782957
302475.35554280016,4123748.502696134
302475.33122975694,4123748.4589139726
302475.3069167137,4123748.415131811
302475.2826036705,4123748.371349649
302475.25829062733,4123748.327567487
302475.23397758417,4123748.2837853255
302475.20966454095,4123748.240003164
302475.1853514977,4123748.1962210024
302475.16103845456,4123748.152438841
302475.1367254114,4123748.108656679
302475.1124123682,4123748.064874517
302475.08809932496,4123748.0210923553
302475.06378628174,4123747.9773101937
302475.0394732386,4123747.933528032
302475.0151601954,4123747.8897458706
302474.9908471522,4123747.845963709
302474.966534109,4123747.802181547
302474.9422210658,4123747.758399385
302474.91790802265,4123747.7146172235
302474.8935949794,4123747.670835062
302474.8692819362,4123747.6270529004
302474.844968893,4123747.583270739
302474.8206558498,4123747.5394885773
302474.79634280666,4123747.4957064153
302474.77202976344,4123747.4519242533
302474.7477167202,4123747.4081420917
302474.72340367705,4123747.36435993
302474.6990906339,4123747.3205777686
302474.67477759067,4123747.276795607
302474.65046454745,4123747.233013445
302474.6261515042,4123747.189231283
302474.60183846107,4123747.1454491215
302474.5775254179,4123747.10166696
302474.5532123747,4123747.0578847984
302474.52889933146,4123747.014102637
302474.5045862883,4123746.9703204753
302474.48027324514,4123746.9265383133
302474.4559602019,4123746.8827561513
302474.4316471587,4123746.8389739897
302474.40733411553,4123746.795191828
302474.38302107237,4123746.7514096666
302474.35870802915,4123746.707627505
302474.3343949859,4123746.6638453435
302474.3100819427,4123746.6200631815
302474.28576889954,4123746.5762810195
302474.2614558564,4123746.532498858
302474.23714281316,4123746.4887166964
302474.21282976994,4123746.444934535
302474.1885167268,4123746.4011523733
302474.1642036836,4123746.3573702113
302474.1398906404,4123746.3135880493
302474.1155775972,4123746.2698058877
302474.09126455395,4123746.226023726
302474.0669515108,4123746.1822415646
302474.0426384676,4123746.138459403
302474.0183254244,4123746.0946772415
302473.9940123812,4123746.0508950795
302473.969699338,4123746.0071129175
302473.94538629486,4123745.963330756
302473.92107325164,4123745.9195485944
302473.8967602084,4123745.875766433
302473.8724471652,4123745.8319842713
302473.84813412203,4123745.7882021097
302473.82382107887,4123745.7444199477
302473.79950803565,4123745.7006377857
302473.7751949924,4123745.656855624
302473.75088194927,4123745.6130734626
302473.7265689061,4123745.569291301
302473.7022558629,4123745.5255091395
302473.67794281966,4123745.4817269775
302473.65362977644,4123745.4379448155
302473.6293167333,4123745.394162654
302473.6050036901,4123745.3503804924
302473.5806906469,4123745.306598331
302473.5563776037,4123745.2628161693
302473.5320645605,4123745.2190340078
302473.50775151735,4123745.1752518457
302473.4834384741,4123745.1314696837
302473.4591254309,4123745.087687522
302473.43481238774,4123745.0439053606
302473.4104993446,4123745.000123199
302473.38618630136,4123744.9563410375
302473.36187325814,4123744.912558876
302473.3375602149,4123744.868776714
302473.31324717175,4123744.824994552
302473.2889341286,4123744.7812123904
302473.26462108537,4123744.737430229
302473.24030804215,4123744.6936480673
302473.215994999,4123744.6498659058
302473.1916819558,4123744.6060837437
302473.1673689126,4123744.5623015817
302473.1430558694,4123744.51851942
302473.11874282616,4123744.4747372586
302473.094429783,4123744.430955097
302473.07011673984,4123744.3871729355
302473.0458036966,4123744.343390774
302473.0214906534,4123744.299608612
302472.99717761023,4123744.25582645
302472.97286456707,4123744.2120442884
302472.94855152385,4123744.168262127
302472.9242384806,4123744.1244799653
302472.8999254374,4123744.0806978038
302472.87561239424,4123744.036915642
302472.8512993511,4123743.99313348
302472.82698630786,4123743.949351318
302472.80267326464,4123743.9055691566
302472.7783602215,4123743.861786995
302472.7540471783,4123743.8180048335
302472.7297341351,4123743.774222672
302472.7054210919,4123743.73044051
302472.6811080487,4123743.686658348
302472.65679500555,4123743.6428761864
302472.6324819623,4123743.599094025
302472.6081689191,4123743.5553118633
302472.5838558759,4123743.5115297018
302472.5595428327,4123743.46774754
302472.53522978956,4123743.423965378
302472.51091674634,4123743.380183216
302472.4866037031,4123743.3364010546
302472.46229065995,4123743.292618893
302472.4379776168,4123743.2488367315
302472.41366457357,4123743.20505457
302472.38935153035,4123743.1612724084
302472.3650384871,4123743.1174902464
302472.34072544397,4123743.0737080844
302472.3164124008,4123743.029925923
302472.2920993576,4123742.9861437613
302472.26778631436,4123742.9423615998
302472.2434732712,4123742.898579438
302472.21916022804,4123742.854797276
302472.1948471848,4123742.811015114
302472.1705341416,4123742.7672329526
302472.1462210984,4123742.723450791
302472.1219080552,4123742.6796686295
302472.09759501205,4123742.635886468
302472.0732819688,4123742.5921043064
302472.0489689256,4123742.5483221444
302472.02465588244,4123742.5045399824
302472.0003428393,4123742.460757821
302471.97602979606,4123742.4169756593
302471.95171675284,4123742.373193498
302471.9274037096,4123742.329411336
302471.90309066646,4123742.2856291747
302471.8787776233,4123742.2418470127
302471.8544645801,4123742.1980648506
302471.83015153685,4123742.154282689
302471.8058384937,4123742.1105005275
302471.7815254505,4123742.066718366
302471.7572124073,4123742.0229362044
302471.7328993641,4123741.9791540424
302471.7085863209,4123741.9353718804
302471.68427327776,4123741.891589719
302471.65996023454,4123741.8478075573
302471.6356471913,4123741.804025396
302471.6113341481,4123741.760243234
302471.58702110493,4123741.7164610727
302471.56270806177,4123741.6726789107
302471.53839501855,4123741.6288967486
302471.5140819753,4123741.585114587
302471.48976893217,4123741.5413324255
302471.465455889,4123741.497550264
302471.4411428458,4123741.4537681025
302471.41682980256,4123741.409985941
302471.39251675934,4123741.366203779
302471.3682037162,4123741.322421617
302471.343890673,4123741.2786394553
302471.3195776298,4123741.234857294
302471.2952645866,4123741.191075132
302471.2709515434,4123741.1472929707
302471.24663850025,4123741.1035108087
302471.222325457,4123741.0597286467
302471.1980124138,4123741.015946485
302471.1736993706,4123740.9721643236
302471.1493863274,4123740.928382162
302471.12507328426,4123740.8846000005
302471.10076024104,4123740.840817839
302471.0764471978,4123740.797035677
302471.05213415466,4123740.753253515
302471.0278211115,4123740.7094713533
302471.0035080683,4123740.665689192
302470.97919502505,4123740.62190703
302470.95488198183,4123740.5781248687
302470.93056893867,4123740.534342707
302470.9062558955,4123740.490560545
302470.8819428523,4123740.446778383
302470.85762980906,4123740.4029962216
302470.8333167659,4123740.35921406
302470.80900372274,4123740.3154318985
302470.7846906795,4123740.271649737
302470.7603776363,4123740.227867575
302470.73606459313,4123740.184085413
302470.71175154997,4123740.1403032513
302470.68743850675,4123740.09652109
302470.6631254635,4123740.0527389282
302470.6388124203,4123740.0089567667
302470.61449937714,4123739.965174605
302470.590186334,4123739.921392443
302470.56587329076,4123739.877610281
302470.54156024754,4123739.8338281196
302470.5172472044,4123739.790045958
302470.4929341612,4123739.7462637965
302470.468621118,4123739.702481635
302470.4443080748,4123739.6586994734
302470.41999503155,4123739.6149173114
302470.3956819884,4123739.5711351493
302470.3713689452,4123739.527352988
302470.347055902,4123739.4835708262
302470.3227428588,4123739.4397886647
302470.2984298156,4123739.396006503
302470.27411677246,4123739.352224341
302470.24980372924,4123739.308442179
302470.225490686,4123739.2646600176
302470.2011776428,4123739.220877856
302470.17686459963,4123739.1770956945
302470.1525515565,4123739.133313533
302470.12823851325,4123739.0895313714
302470.10392547003,4123739.0457492094
302470.07961242687,4123739.0019670473
302470.0552993837,4123738.958184886
302470.0309863405,4123738.9144027242
302470.00667329726,4123738.8706205627
302469.9823602541,4123738.826838401
302469.95804721094,4123738.7830562396
302469.9337341677,4123738.7392740776
302469.9094211245,4123738.6954919156
302469.8851080813,4123738.651709754
302469.8607950381,4123738.6079275925
302469.83648199495,4123738.564145431
302469.8121689517,4123738.5203632694
302469.7878559085,4123738.4765811074
302469.76354286534,4123738.4327989453
302469.7392298222,4123738.389016784
302469.71491677896,4123738.3452346222
302469.69060373574,4123738.3014524607
302469.6662906925,4123738.257670299
302469.64197764936,4123738.2138881376
302469.6176646062,4123738.1701059756
302469.593351563,4123738.1263238136
302469.56903851975,4123738.082541652
302469.5447254766,4123738.0387594905
302469.5204124334,4123737.994977329
302469.4960993902,4123737.9511951674
302469.471786347,4123737.907413006
302469.44747330376,4123737.863630844
302469.4231602606,4123737.819848682
302469.39884721744,4123737.7760665203
302469.3745341742,4123737.7322843587
302469.350221131,4123737.688502197
302469.32590808783,4123737.6447200356
302469.3015950447,4123737.6009378736
302469.27728200145,4123737.5571557116
302469.25296895823,4123737.51337355
302469.228655915,4123737.4695913885
302469.20434287185,4123737.425809227
302469.1800298287,4123737.3820270654
302469.15571678546,4123737.338244904
302469.13140374224,4123737.294462742
302469.1070906991,4123737.25068058
302469.0827776559,4123737.2068984183
302469.0584646127,4123737.1631162567
302469.0341515695,4123737.119334095
302469.0098385263,4123737.0755519336
302468.98552548315,4123737.031769772
302468.9612124399,4123736.98798761
302468.9368993967,4123736.944205448
302468.9125863535,4123736.9004232865
302468.8882733103,4123736.856641125
302468.86396026716,4123736.8128589634
302468.83964722394,4123736.769076802
302468.8153341807,4123736.72529464
302468.79102113756,4123736.681512478
302468.7667080944,4123736.6377303163
302468.7423950512,4123736.5939481547
302468.71808200795,4123736.550165993
302468.69376896473,4123736.5063838316
302468.66945592157,4123736.46260167
302468.6451428784,4123736.418819508
302468.6208298352,4123736.375037346
302468.59651679196,4123736.3312551845
302468.5722037488,4123736.287473023
302468.54789070564,4123736.2436908614
302468.5235776624,4123736.1999087
302468.4992646192,4123736.1561265383
302468.474951576,4123736.1123443763
302468.4506385328,4123736.0685622143
302468.42632548965,4123736.0247800527
302468.40201244643,4123735.980997891
302468.3776994032,4123735.9372157296
302468.35338636005,4123735.893433568
302468.3290733169,4123735.849651406
302468.30476027366,4123735.805869244
302468.28044723044,4123735.7620870825
302468.2561341872,4123735.718304921
302468.23182114406,4123735.6745227594
302468.2075081009,4123735.630740598
302468.1831950577,4123735.5869584363
302468.15888201445,4123735.5431762743
302468.1345689713,4123735.4993941123
302468.1102559281,4123735.4556119507
302468.0859428849,4123735.411829789
302468.0616298417,4123735.3680476276
302468.0373167985,4123735.324265466
302468.01300375536,4123735.2804833045
302467.98869071214,4123735.2367011425
302467.9643776689,4123735.1929189805
302467.9400646257,4123735.149136819
302467.91575158254,4123735.1053546574
302467.8914385394,4123735.061572496
302467.86712549615,4123735.0177903343
302467.84281245293,4123734.9740081723
302467.81849940977,4123734.9302260103
302467.7941863666,4123734.8864438487
302467.7698733234,4123734.842661687
302467.74556028016,4123734.7988795256
302467.72124723694,4123734.755097364
302467.6969341938,4123734.7113152025
302467.6726211506,4123734.6675330405
302467.6483081074,4123734.6237508785
302467.6239950642,4123734.579968717
302467.599682021,4123734.5361865554
302467.57536897785,4123734.492404394
302467.55105593463,4123734.4486222323
302467.5267428914,4123734.4048400708
302467.5024298482,4123734.3610579087
302467.478116805,4123734.3172757467
302467.45380376186,4123734.273493585
302467.42949071864,4123734.2297114236
302467.4051776754,4123734.185929262
302467.38086463226,4123734.1421471005
302467.3565515891,4123734.0983649385
302467.3322385459,4123734.0545827765
302467.30792550265,4123734.010800615
302467.28361245943,4123733.9670184534
302467.25929941627,4123733.923236292
302467.2349863731,4123733.8794541303
302467.2106733299,4123733.8356719688
302467.18636028667,4123733.7918898067
302467.1620472435,4123733.7481076447
302467.13773420034,4123733.704325483
302467.1134211571,4123733.6605433216
302467.0891081139,4123733.61676116
302467.06479507074,4123733.5729789985
302467.0404820276,4123733.529196837
302467.01616898435,4123733.485414675
302466.99185594113,4123733.441632513
302466.9675428979,4123733.3978503514
302466.94322985475,4123733.35406819
302466.9189168116,4123733.3102860283
302466.89460376836,4123733.2665038668
302466.87029072514,4123733.2227217047
302466.845977682,4123733.1789395427
302466.8216646388,4123733.135157381
302466.7973515956,4123733.0913752196
302466.7730385524,4123733.047593058
302466.74872550915,4123733.0038108965
302466.724412466,4123732.960028735
302466.70009942283,4123732.916246573
302466.6757863796,4123732.872464411
302466.6514733364,4123732.8286822494
302466.6271602932,4123732.784900088
302466.60284725006,4123732.7411179263
302466.57853420684,4123732.6973357648
302466.5542211636,4123732.653553603
302466.5299081204,4123732.609771441
302466.50559507724,4123732.565989279
302466.4812820341,4123732.5222071176
302466.45696899085,4123732.478424956
302466.43265594763,4123732.4346427945
302466.40834290447,4123732.390860633
302466.3840298613,4123732.347078471
302466.3597168181,4123732.303296309
302466.33540377486,4123732.2595141474
302466.3110907317,4123732.215731986
302466.28677768854,4123732.1719498243
302466.2624646453,4123732.128167663
302466.2381516021,4123732.084385501
302466.2138385589,4123732.040603339
302466.1895255157,4123731.996821177
302466.16521247255,4123731.9530390156
302466.14089942933,4123731.909256854
302466.1165863861,4123731.8654746925
302466.09227334295,4123731.821692531
302466.0679602998,4123731.7779103694
302466.04364725656,4123731.7341282074
302466.01933421334,4123731.6903460454
302465.9950211701,4123731.646563884
302465.97070812696,4123731.6027817223
302465.9463950838,4123731.558999561
302465.9220820406,4123731.515217399
302465.89776899735,4123731.471435237
302465.8734559542,4123731.427653075
302465.849142911,4123731.3838709136
302465.8248298678,4123731.340088752
302465.8005168246,4123731.2963065905
302465.77620378137,4123731.252524429
302465.7518907382,4123731.2087422675
302465.72757769504,4123731.1649601054
302465.7032646518,4123731.1211779434
302465.6789516086,4123731.077395782
302465.65463856544,4123731.0336136203
302465.6303255223,4123730.989831459
302465.60601247905,4123730.946049297
302465.58169943583,4123730.9022671357
302465.5573863926,4123730.8584849737
302465.53307334945,4123730.8147028117
302465.5087603063,4123730.77092065
302465.48444726306,4123730.7271384886
302465.46013421984,4123730.683356327
302465.4358211767,4123730.6395741655
302465.4115081335,4123730.5957920034
302465.3871950903,4123730.5520098414
302465.3628820471,4123730.50822768
302465.3385690039,4123730.4644455183
302465.31425596075,4123730.420663357
302465.28994291753,4123730.376881195
302465.2656298743,4123730.3330990337
302465.2413168311,4123730.2893168717
302465.2170037879,4123730.2455347097
302465.19269074476,4123730.201752548
302465.16837770154,4123730.1579703866
302465.1440646583,4123730.114188225
302465.11975161516,4123730.0704060635
302465.095438572,4123730.026623902
302465.0711255288,4123729.98284174
302465.04681248555,4123729.939059578
302465.02249944233,4123729.8952774163
302464.99818639917,4123729.851495255
302464.973873356,4123729.8077130932
302464.9495603128,4123729.7639309317
302464.92524726957,4123729.7201487697
302464.9009342264,4123729.6763666077
302464.87662118324,4123729.632584446
302464.85230814,4123729.5888022846
302464.8279950968,4123729.545020123
302464.8036820536,4123729.5012379615
302464.7793690104,4123729.4574558
302464.75505596725,4123729.413673638
302464.73074292403,4123729.369891476
302464.7064298808,4123729.3261093143
302464.68211683765,4123729.282327153
302464.6578037945,4123729.2385449912
302464.63349075126,4123729.1947628297
302464.60917770804,4123729.150980668
302464.5848646648,4123729.107198506
302464.56055162166,4123729.063416344
302464.5362385785,4123729.0196341826
302464.5119255353,4123728.975852021
302464.48761249206,4123728.9320698595
302464.4632994489,4123728.888287698
302464.43898640573,4123728.844505536
302464.4146733625,4123728.800723374
302464.3903603193,4123728.7569412123
302464.3660472761,4123728.713159051
302464.34173423296,4123728.6693768892
302464.31742118974,4123728.6255947277
302464.2931081465,4123728.581812566
302464.2687951033,4123728.538030404
302464.24448206014,4123728.494248242
302464.220169017,4123728.4504660806
302464.19585597375,4123728.406683919
302464.17154293053,4123728.3629017575
302464.1472298873,4123728.319119596
302464.1229168441,4123728.2753374344
302464.09860380087,4123728.2315552724
302464.0742907576,4123728.1877731103
302464.0499777143,4123728.143990949
302464.025664671,4123728.1002087872
302464.0013516276,4123728.0564266257
302463.9770385842,4123728.012644464
302463.95272554073,4123727.968862302
302463.9284124972,4123727.92508014
302463.9040994537,4123727.8812979786
302463.87978641014,4123727.837515817
302463.85547336657,4123727.793733655
302463.83116032294,4123727.749951493
302463.80684727913,4123727.7061693305
302463.78253423516,4123727.6623871676
302463.75822119106,4123727.6186050046
302463.73390814674,4123727.574822841
302463.7095951023,4123727.5310406773
302463.6852820577,4123727.4872585135
302463.66096901277,4123727.443476349
302463.6366559677,4123727.3996941843
302463.6123429223,4123727.3559120195
302463.5880298765,4123727.312129854
302463.56371683034,4123727.2683476885
302463.53940378374,4123727.2245655213
302463.5150907366,4123727.1807833533
302463.4907776889,4123727.137001184
302463.46646464046,4123727.0932190134
302463.4421515912,4123727.0494368416
302463.4178385412,4123727.0056546684
302463.3935254902,4123726.9618724925
302463.36921243794,4123726.9180903146
302463.3448993843,4123726.8743081344
302463.3205863292,4123726.830525951
302463.29627327237,4123726.7867437648
302463.27196021343,4123726.742961574
302463.24764715234,4123726.699179379
302463.22333408863,4123726.655397179
302463.19902102184,4123726.6116149733
302463.17470795155,4123726.567832762
302463.1503948772,4123726.524050543
302463.12608179834,4123726.480268317
302463.10176871443,4123726.4364860817
302463.07745562465,4123726.392703836
302463.0531425281,4123726.3489215784
302463.028829424,4123726.3051393074
302463.0045163111,4123726.261357021
302462.9802031882,4123726.217574717
302462.95589005394,4123726.173792392
302462.93157690665,4123726.130010044
302462.9072637445,4123726.0862276694
302462.88295056554,4123726.0424452648
302462.8586373672,4123725.998662825
302462.83432414697,4123725.954880347
302462.81001090165,4123725.9110978246
302462.7856976277,4123725.8673152514
302462.7613843212,4123725.82353262
302462.73707097746,4123725.7797499225
302462.7127575914,4123725.7359671486
302462.6884441571,4123725.692184288
302462.66413066775,4123725.6484013293
302462.63981711573,4123725.604618259
302462.6155034923,4123725.56083506
302462.5911897875,4123725.517051716
302462.5668759899,4123725.4732682058
302462.5425620865,4123725.429484507
302462.5182480626,4123725.385700593
302462.4939339014,4123725.3419164335
302462.4696195838,4123725.2981319944
302462.44530508784,4123725.254347237
302462.4209903889,4123725.2105621165
302462.39667545864,4123725.166776583
302462.3723602647,4123725.1229905784
302462.3480447704,4123725.079204037
302462.3237289338,4123725.0354168834
302462.29941270733,4123724.991629033
302462.27509603655,4123724.9478403884
302462.2507788596,4123724.904050839
302462.226461106,4123724.8602602594
302462.20214269526,4123724.8164685057
302462.1778235359,4123724.772675415
302462.1535035238,4123724.7288808003
302462.12918253994,4123724.6850844487
302462.104860449,4123724.6412861184
302462.08053709666,4123724.597485535
302462.05621230736,4123724.5536823836
302462.03188588086,4123724.509876306
302462.0075575891,4123724.4660668955
302461.98322717217,4123724.422253687
302461.958894334,4123724.378436152
302461.93455873727,4123724.334613687
302461.9102199977,4123724.2907856065
302461.8858776774,4123724.246951128
302461.86153127754,4123724.2031093584
302461.8371802298,4123724.1592592834
302461.8128238866,4123724.1153997458
302461.78846151044,4123724.0715294266
302461.76409226056,4123724.027646825
302461.7397151794,4123723.9837502292
302461.71532917605,4123723.939837689
302461.69093300734,4123723.895906984
302461.6665252571,4123723.851955584
302461.64210431185,4123723.8079806045
302461.6176683332,4123723.76397876
302461.59321522666,4123723.719946309
302461.5687470867,4123723.6758869938
302461.5442657517,4123723.6318040993
302461.51977283525,4123723.587700509
302461.49526975345,4123723.5435787537
302461.4707577495,4123723.499441054
302461.44623791426,4123723.45528936
302461.42171120545,4123723.411125384
302461.3971784635,4123723.366950626
302461.37264042627,4123723.3227664055
302461.34809774125,4123723.2785738795
302461.32355097675,4123723.2343740636
302461.29900063167,4123723.1901678494
302461.2744471437,4123723.1459560194
302461.2498908973,4123723.10173926
302461.2253322297,4123723.0575181744
302461.20077143697,4123723.013293291
302461.1762087791,4123722.9690650743
302461.1516444841,4123722.9248339324
302461.12707875215,4123722.880600223
302461.102511759,4123722.83636426
302461.0779436588,4123722.7921263184
302461.053374587,4123722.747886641
302461.02880466246,4123722.703645439
302461.00423398934,4123722.6594029
302460.9796626593,4123722.6151591865
302460.9550907525,4123722.570914443
302460.9305183397,4123722.526668795
302460.9059454826,4123722.4824223532
302460.8813722358,4123722.4381752145
302460.85679864674,4123722.3939274643
302460.83222475735,4123722.349679177
302460.8076506044,4123722.3054304183
302460.7830762201,4123722.2611812465
302460.7585016328,4123722.2169317123
302460.73392686725,4123722.17268186
302460.7093519453,4123722.128431728
302460.6847768861,4123722.0841813507
302460.6602017065,4123722.039930758
302460.63562642125,4123721.995679977
302460.61105104315,4123721.951429029
302460.5864755835,4123721.907177936
302460.5619000524,4123721.862926714
302460.53732445854,4123721.81867538
302460.5127488097,4123721.7744239485
302460.4881731125,4123721.73017243
302460.4635973729,4123721.6859208373
302460.4390215961,4123721.641669178
302460.4144457866,4123721.5974174603
302460.3898699485,4123721.553165691
302460.3652940851,4123721.5089138765
302460.34071819956,4123721.4646620224
302460.3161422945,4123721.420410134
302460.2915663724,4123721.376158214
302460.2669904352,4123721.331906267
302460.24241448473,4123721.287654296
302460.2178385225,4123721.243402304
302460.1932625499,4123721.1991502936
302460.1686865679,4123721.1548982672
302460.1441105777,4123721.1106462255
302460.1195345801,4123721.0663941707
302460.09495857585,4123721.0221421043
302460.07038256555,4123720.977890027
302460.0458065496,4123720.9336379403
302460.0212305286,4123720.8893858446
302459.9966545027,4123720.84513374
302459.97207847214,4123720.800881626
302459.9475024371,4123720.7566295047
302459.92292639764,4123720.712377375
302459.8983503537,4123720.6681252373
302459.8737743052,4123720.623873092
302459.84919825185,4123720.5796209374
302459.82462219335,4123720.535368774
302459.8000461293,4123720.4911166006
302459.77547005925,4123720.446864416
302459.7508939826,4123720.402612219
302459.72631789854,4123720.358360009
302459.7017418062,4123720.3141077836
302459.67716570443,4123720.269855541
302459.65258959203,4123720.2256032797
302459.6280134676,4123720.1813509967
302459.6034373296,4123720.137098689
302459.578861176,4123720.0928463535
302459.5542850046,4123720.0485939854
302459.52970881306,4123720.004341581
302459.5051325984,4123719.9600891345
302459.48055635736,4123719.91583664
302459.4559800862,4123719.8715840913
302459.4314037805,4123719.8273314806
302459.40682743536,4123719.783078798
302459.3822510452,4123719.7388260346
302459.3576746035,4123719.6945731775
302459.33309810306,4123719.650320214
302459.3085215355,4123719.6060671294
302459.2839448911,4123719.5618139054
302459.25936815917,4123719.517560523
302459.2347913272,4123719.4733069595
302459.2102143811,4123719.4290531892
302459.18563730456,4123719.3847991833
302459.1610600793,4123719.340544908
302459.13648268423,4123719.2962903245
302459.1119050955,4123719.252035391
302459.0873272859,4123719.2077800576
302459.0627492243,4123719.163524268
302459.0381708753,4123719.1192679587
302459.0135921986,4123719.075011056
302458.9890131483,4123719.030753477
302458.96443367196,4123718.986495127
302458.93985370995,4123718.9422358978
302458.91527319426,4123718.8979756664
302458.8906920475,4123718.8537142924
302458.8661101813,4123718.8094516164
302458.84152749524,4123718.7651874567
302458.81694387476,4123718.7209216054
302458.7923591895,4123718.676653826
302458.76777329063,4123718.6323838513
302458.74318600894,4123718.5881113727
302458.71859715146,4123718.5438360423
302458.6940064984,4123718.499557461
302458.66941379936,4123718.455275177
302458.6448187691,4123718.410988673
302458.62022108276,4123718.3666973617
302458.59562037,4123718.3224005713
302458.571016209,4123718.2780975397
302458.5464081194,4123718.233787397
302458.5217955536,4123718.189469152
302458.49717788806,4123718.145141676
302458.4725544122,4123718.1008036835
302458.4479243165,4123718.0564537076
302458.4232866788,4123718.0120900804
302458.39864044834,4123717.9677108997
302458.3739844281,4123717.9233139986
302458.3493172545,4123717.878896909
302458.32463737373,4123717.834456818
302458.29994301574,4123717.789990522
302458.27523216367,4123717.745494371
302458.25050252,4123717.7009642045
302458.2257514671,4123717.656395286
302458.20097602264,4123717.6117822165
302458.1761727888,4123717.5671188454
302458.15133789444,4123717.5223981664
302458.1264669291,4123717.4776121955
302458.10155486804,4123717.432751838
302458.0765959863,4123717.387806731
302458.0515837616,4123717.342765068
302458.02651076263,4123717.2976133996
302458.0013685231,4123717.2523363987
302457.9761473971,4123717.206916606
302457.95083639486,4123717.16133413
302457.9254229955,4123717.115566306
302457.8998929337,4123717.0695873126
302457.87422995694,4123717.023367732
302457.84841554804,4123716.9768740456
302457.8224286102,4123716.9300680663
302457.7962451072,4123716.882906288
302457.7698376542,4123716.8353391397
302457.74317505106,4123716.7873101477
302457.71622175066,4123716.738754968
302457.68901100924,4123716.6897336915
302457.66157169704,4123716.6402984667
302457.6339287902,4123716.5904943906
302457.60610379645,4123716.540360277
302457.5781151212,4123716.4899293166
302457.54997838155,4123716.4392296425
302457.52170667186,4123716.3882848094
302457.49331078725,4123716.337114196
302457.4647994073,4123716.285733335
302457.4361792439,4123716.2341541774
302457.4074676305,4123716.182408319
302457.3786803426,4123716.130524516
302457.3498318665,4123716.078529175
302457.320935646,4123716.0264468025
302457.2920043116,4123715.974300422
302457.2630498953,4123715.922111966
302457.2340840361,4123715.8699026513
