302553.1421999512,4123878.127933968
302553.1665323522,4123878.171705274
302553.19086475315,4123878.21547658
302553.2151971541,4123878.2592478865
302553.2395295551,4123878.303019193
302553.263861956,4123878.346790499
302553.28819435695,4123878.390561805
302553.31252675795,4123878.434333111
302553.33685915894,4123878.4781044177
302553.3611915599,4123878.521875724
302553.3855239608,4123878.5656470302
302553.4098563618,4123878.6094183363
302553.43418876274,4123878.6531896424
302553.4585211637,4123878.696960949
302553.48285356467,4123878.7407322554
302553.50718596566,4123878.7845035614
302553.5315183666,4123878.8282748675
302553.55585076753,4123878.8720461736
302553.5801831685,4123878.91581748
302553.60451556946,4123878.9595887866
302553.6288479704,4123879.0033600926
302553.6531803714,4123879.0471313987
302553.6775127723,4123879.090902705
302553.70184517326,4123879.1346740117
302553.72617757425,4123879.178445318
302553.75050997525,4123879.222216624
302553.7748423762,4123879.26598793
302553.7991747771,4123879.3097592364
302553.8235071781,4123879.353530543
302553.84783957904,4123879.397301849
302553.87217198,4123879.441073155
302553.896504381,4123879.484844461
302553.9208367819,4123879.5286157676
302553.94516918284,4123879.572387074
302553.96950158384,4123879.61615838
302553.99383398483,4123879.659929686
302554.01816638577,4123879.7037009923
302554.0424987867,4123879.747472299
302554.0668311877,4123879.7912436053
302554.09116358863,4123879.8350149114
302554.11549598956,4123879.8787862174
302554.13982839056,4123879.922557524
302554.16416079155,4123879.9663288305
302554.1884931925,4123880.0101001365
302554.2128255934,4123880.0538714426
302554.2371579944,4123880.0976427486
302554.26149039535,4123880.141414055
302554.2858227963,4123880.1851853617
302554.3101551973,4123880.2289566677
302554.3344875982,4123880.2727279738
302554.35881999915,4123880.31649928
302554.38315240014,4123880.3602705863
302554.40748480114,4123880.404041893
302554.4318172021,4123880.447813199
302554.456149603,4123880.491584505
302554.480482004,4123880.5353558115
302554.50481440494,4123880.579127118
302554.5291468059,4123880.622898424
302554.55347920686,4123880.66666973
302554.5778116078,4123880.710441036
302554.60214400874,4123880.7542123427
302554.6264764097,4123880.797983649
302554.6508088107,4123880.8417549552
302554.67514121166,4123880.8855262613
302554.6994736126,4123880.9292975673
302554.7238060136,4123880.973068874
302554.7481384145,4123881.0168401804
302554.77247081546,4123881.0606114864
302554.79680321645,4123881.1043827925
302554.82113561744,4123881.1481540985
302554.8454680184,4123881.191925405
302554.8698004193,4123881.2356967116
302554.8941328203,4123881.2794680176
302554.91846522124,4123881.3232393237
302554.9427976222,4123881.36701063
302554.9671300232,4123881.4107819367
302554.9914624241,4123881.454553243
302555.01579482504,4123881.498324549
302555.04012722604,4123881.542095855
302555.064459627,4123881.5858671614
302555.08879202796,4123881.629638468
302555.1131244289,4123881.673409774
302555.1374568299,4123881.71718108
302555.1617892308,4123881.760952386
302555.18612163176,4123881.8047236926
302555.21045403276,4123881.848494999
302555.2347864337,4123881.892266305
302555.2591188346,4123881.936037611
302555.2834512356,4123881.9798089173
302555.3077836366,4123882.023580224
302555.33211603755,4123882.0673515303
302555.3564484385,4123882.1111228364
302555.3807808395,4123882.1548941424
302555.4051132404,4123882.1986654485
302555.42944564135,4123882.242436755
302555.45377804234,4123882.2862080615
302555.47811044334,4123882.3299793676
302555.50244284427,4123882.3737506736
302555.5267752452,4123882.4175219797
302555.5511076462,4123882.461293286
302555.57544004713,4123882.5050645927
302555.59977244807,4123882.5488358987
302555.62410484906,4123882.592607205
302555.64843725,4123882.636378511
302555.67276965093,4123882.6801498174
302555.6971020519,4123882.723921124
302555.7214344529,4123882.76769243
302555.74576685386,4123882.811463736
302555.7700992548,4123882.8552350425
302555.7944316558,4123882.899006349
302555.8187640567,4123882.942777655
302555.84309645765,4123882.986548961
302555.86742885865,4123883.030320267
302555.8917612596,4123883.0740915737
302555.9160936605,4123883.11786288
302555.9404260615,4123883.1616341863
302555.9647584625,4123883.2054054923
302555.98909086344,4123883.2491767984
302556.0134232644,4123883.292948105
302556.03775566537,4123883.3367194114
302556.0620880663,4123883.3804907175
302556.08642046724,4123883.4242620235
302556.11075286823,4123883.46803333
302556.1350852692,4123883.5118046366
302556.15941767016,4123883.5555759426
302556.1837500711,4123883.5993472487
302556.2080824721,4123883.6431185547
302556.232414873,4123883.6868898612
302556.25674727396,4123883.7306611678
302556.28107967495,4123883.774432474
302556.3054120759,4123883.81820378
302556.3297444768,4123883.861975086
302556.3540768778,4123883.9057463924
302556.3784092788,4123883.949517699
302556.40274167975,4123883.993289005
302556.4270740807,4123884.037060311
302556.4514064817,4123884.080831617
302556.4757388826,4123884.1246029236
302556.50007128355,4123884.16837423
302556.52440368454,4123884.212145536
302556.5487360855,4123884.2559168423
302556.5730684864,4123884.299688149
302556.5974008874,4123884.3434594553
302556.6217332884,4123884.3872307613
302556.64606568933,4123884.4310020674
302556.67039809027,4123884.4747733735
302556.69473049126,4123884.51854468
302556.7190628922,4123884.5623159865
302556.74339529313,4123884.6060872925
302556.7677276941,4123884.6498585986
302556.7920600951,4123884.6936299047
302556.81639249605,4123884.737401211
302556.840724897,4123884.7811725177
302556.865057298,4123884.8249438237
302556.8893896989,4123884.86871513
302556.91372209985,4123884.912486436
302556.93805450085,4123884.9562577424
302556.9623869018,4123885.000029049
302556.9867193027,4123885.043800355
302557.0110517037,4123885.087571661
302557.0353841047,4123885.1313429675
302557.05971650564,4123885.175114274
302557.0840489066,4123885.21888558
302557.10838130757,4123885.262656886
302557.1327137085,4123885.306428192
302557.15704610944,4123885.3501994987
302557.18137851043,4123885.393970805
302557.20571091137,4123885.4377421113
302557.2300433123,4123885.4815134173
302557.2543757133,4123885.5252847234
302557.2787081143,4123885.56905603
302557.3030405152,4123885.6128273364
302557.32737291616,4123885.6565986425
302557.35170531715,4123885.7003699485
302557.3760377181,4123885.7441412546
302557.400370119,4123885.787912561
302557.42470252,4123885.8316838676
302557.44903492095,4123885.8754551737
302557.4733673219,4123885.9192264797
302557.4976997229,4123885.962997786
302557.5220321239,4123886.0067690923
302557.5463645248,4123886.050540399
302557.57069692574,4123886.094311705
302557.59502932674,4123886.138083011
302557.6193617277,4123886.181854317
302557.6436941286,4123886.2256256235
302557.6680265296,4123886.26939693
302557.6923589306,4123886.313168236
302557.71669133153,4123886.356939542
302557.74102373247,4123886.4007108486
302557.76535613346,4123886.444482155
302557.7896885344,4123886.488253461
302557.81402093533,4123886.5320247672
302557.8383533363,4123886.5757960733
302557.86268573726,4123886.61956738
302557.8870181382,4123886.6633386863
302557.9113505392,4123886.7071099924
302557.9356829402,4123886.7508812984
302557.9600153411,4123886.7946526045
302557.98434774205,4123886.838423911
302558.00868014304,4123886.8821952175
302558.033012544,4123886.9259665236
302558.0573449449,4123886.9697378296
302558.0816773459,4123887.0135091357
302558.10600974684,4123887.057280442
302558.1303421478,4123887.1010517487
302558.1546745488,4123887.144823055
302558.17900694977,4123887.188594361
302558.2033393507,4123887.2323656674
302558.22767175164,4123887.276136974
302558.25200415263,4123887.31990828
302558.27633655356,4123887.363679586
302558.3006689545,4123887.407450892
302558.3250013555,4123887.4512221985
302558.3493337565,4123887.494993505
302558.3736661574,4123887.538764811
302558.39799855836,4123887.582536117
302558.42233095935,4123887.626307423
302558.4466633603,4123887.6700787297
302558.4709957612,4123887.7138500363
302558.4953281622,4123887.7576213423
302558.51966056315,4123887.8013926484
302558.5439929641,4123887.8451639544
302558.5683253651,4123887.888935261
302558.5926577661,4123887.9327065675
302558.616990167,4123887.9764778735
302558.64132256794,4123888.0202491796
302558.66565496894,4123888.064020486
302558.6899873699,4123888.1077917926
302558.7143197708,4123888.1515630987
302558.7386521718,4123888.1953344047
302558.76298457274,4123888.2391057108
302558.78731697367,4123888.2828770173
302558.81164937466,4123888.326648324
302558.83598177566,4123888.37041963
302558.8603141766,4123888.414190936
302558.8846465775,4123888.457962242
302558.9089789785,4123888.5017335485
302558.93331137946,4123888.545504855
302558.9576437804,4123888.589276161
302558.9819761814,4123888.633047467
302559.0063085824,4123888.676818773
302559.0306409833,4123888.7205900797
302559.05497338425,4123888.764361386
302559.07930578524,4123888.8081326922
302559.1036381862,4123888.8519039983
302559.1279705871,4123888.895675305
302559.1523029881,4123888.9394466113
302559.17663538904,4123888.9832179174
302559.20096779,4123889.0269892234
302559.22530019097,4123889.0707605295
302559.24963259196,4123889.114531836
302559.2739649929,4123889.1583031425
302559.29829739383,4123889.2020744486
302559.3226297948,4123889.2458457546
302559.34696219576,4123889.2896170607
302559.3712945967,4123889.333388367
302559.3956269977,4123889.3771596737
302559.4199593986,4123889.42093098
302559.44429179956,4123889.464702286
302559.46862420056,4123889.508473592
302559.49295660155,4123889.5522448984
302559.5172890025,4123889.596016205
302559.5416214034,4123889.639787511
302559.5659538044,4123889.683558817
302559.59028620535,4123889.727330123
302559.6146186063,4123889.7711014296
302559.6389510073,4123889.814872736
302559.66328340827,4123889.858644042
302559.6876158092,4123889.902415348
302559.71194821014,4123889.9461866543
302559.73628061113,4123889.989957961
302559.76061301207,4123890.0337292673
302559.784945413,4123890.0775005734
302559.809277814,4123890.1212718794
302559.83361021493,4123890.165043186
302559.85794261587,4123890.2088144924
302559.88227501686,4123890.2525857985
302559.90660741786,4123890.2963571046
302559.9309398188,4123890.3401284106
302559.9552722197,4123890.383899717
302559.9796046207,4123890.4276710236
302560.00393702165,4123890.4714423297
302560.0282694226,4123890.5152136358
302560.0526018236,4123890.558984942
302560.0769342245,4123890.6027562483
302560.10126662545,4123890.646527555
302560.12559902645,4123890.690298861
302560.14993142744,4123890.734070167
302560.1742638284,4123890.777841473
302560.1985962293,4123890.8216127795
302560.2229286303,4123890.865384086
302560.24726103124,4123890.909155392
302560.2715934322,4123890.952926698
302560.29592583317,4123890.9966980047
302560.32025823416,4123891.040469311
302560.3445906351,4123891.084240617
302560.36892303603,4123891.1280119233
302560.393255437,4123891.1717832293
302560.41758783796,4123891.215554536
302560.4419202389,4123891.2593258424
302560.4662526399,4123891.3030971484
302560.4905850408,4123891.3468684545
302560.51491744176,4123891.3906397605
302560.53924984275,4123891.434411067
302560.56358224375,4123891.4781823736
302560.5879146447,4123891.5219536796
302560.6122470456,4123891.5657249857
302560.6365794466,4123891.6094962917
302560.66091184755,4123891.6532675982
302560.6852442485,4123891.6970389048
302560.7095766495,4123891.740810211
302560.7339090504,4123891.784581517
302560.75824145135,4123891.8283528234
302560.78257385234,4123891.87212413
302560.80690625333,4123891.915895436
302560.83123865427,4123891.959666742
302560.8555710552,4123892.003438048
302560.8799034562,4123892.0472093546
302560.90423585713,4123892.090980661
302560.92856825807,4123892.134751967
302560.95290065906,4123892.178523273
302560.97723306005,4123892.2222945793
302561.001565461,4123892.266065886
302561.0258978619,4123892.3098371923
302561.0502302629,4123892.3536084983
302561.07456266385,4123892.3973798044
302561.0988950648,4123892.441151111
302561.1232274658,4123892.4849224174
302561.1475598667,4123892.5286937235
302561.17189226765,4123892.5724650295
302561.19622466865,4123892.6162363356
302561.22055706964,4123892.660007642
302561.2448894706,4123892.7037789486
302561.2692218715,4123892.7475502547
302561.2935542725,4123892.7913215607
302561.31788667344,4123892.835092867
302561.3422190744,4123892.8788641733
302561.36655147537,4123892.92263548
302561.3908838763,4123892.966406786
302561.41521627724,4123893.010178092
302561.43954867823,4123893.053949398
302561.4638810792,4123893.0977207045
302561.48821348016,4123893.141492011
302561.5125458811,4123893.185263317
302561.5368782821,4123893.229034623
302561.561210683,4123893.272805929
302561.58554308396,4123893.3165772357
302561.60987548495,4123893.360348542
302561.63420788595,4123893.4041198483
302561.6585402869,4123893.4478911543
302561.6828726878,4123893.4916624604
302561.7072050888,4123893.535433767
302561.73153748974,4123893.5792050734
302561.7558698907,4123893.6229763795
302561.7802022917,4123893.6667476855
302561.8045346926,4123893.7105189916
302561.82886709354,4123893.754290298
302561.85319949454,4123893.7980616046
302561.87753189553,4123893.8418329107
302561.90186429647,4123893.8856042167
302561.9261966974,4123893.9293755232
302561.9505290984,4123893.9731468298
302561.97486149933,4123894.016918136
302561.99919390026,4123894.060689442
302562.02352630126,4123894.104460748
302562.0478587022,4123894.1482320544
302562.0721911031,4123894.192003361
302562.0965235041,4123894.235774667
302562.1208559051,4123894.279545973
302562.14518830605,4123894.323317279
302562.169520707,4123894.3670885856
302562.193853108,4123894.410859892
302562.2181855089,4123894.454631198
302562.24251790985,4123894.4984025043
302562.26685031084,4123894.542173811
302562.29118271184,4123894.5859451173
302562.3155151128,4123894.6297164233
302562.3398475137,4123894.6734877294
302562.3641799147,4123894.7172590354
302562.38851231564,4123894.761030342
302562.4128447166,4123894.8048016485
302562.43717711756,4123894.8485729545
302562.4615095185,4123894.8923442606
302562.48584191944,4123894.9361155666
302562.5101743204,4123894.979886873
302562.5345067214,4123895.0236581797
302562.55883912236,4123895.0674294857
302562.5831715233,4123895.111200792
302562.6075039243,4123895.154972098
302562.6318363252,4123895.1987434044
302562.65616872616,4123895.242514711
302562.68050112715,4123895.286286017
302562.7048335281,4123895.330057323
302562.729165929,4123895.3738286295
302562.75349833,4123895.417599936
302562.777830731,4123895.461371242
302562.80216313194,4123895.505142548
302562.8264955329,4123895.548913854
302562.8508279339,4123895.5926851607
302562.8751603348,4123895.636456467
302562.89949273574,4123895.6802277733
302562.92382513674,4123895.7239990793
302562.9481575377,4123895.7677703854
302562.97248993866,4123895.811541692
302562.9968223396,4123895.8553129984
302563.0211547406,4123895.8990843045
302563.0454871415,4123895.9428556105
302563.06981954246,4123895.9866269166
302563.09415194346,4123896.030398223
302563.1184843444,4123896.0741695296
302563.1428167453,4123896.1179408357
302563.1671491463,4123896.1617121417
302563.1914815473,4123896.205483448
302563.21581394825,4123896.2492547547
302563.2401463492,4123896.293026061
302563.2644787502,4123896.336797367
302563.2888111511,4123896.380568673
302563.31314355205,4123896.4243399794
302563.33747595304,4123896.468111286
302563.361808354,4123896.511882592
302563.3861407549,4123896.555653898
302563.4104731559,4123896.599425204
302563.4348055569,4123896.6431965106
302563.45913795783,4123896.686967817
302563.48347035877,4123896.730739123
302563.50780275976,4123896.7745104292
302563.5321351607,4123896.8182817353
302563.55646756163,4123896.862053042
302563.5807999626,4123896.9058243483
302563.6051323636,4123896.9495956544
302563.62946476456,4123896.9933669604
302563.6537971655,4123897.0371382665
302563.6781295665,4123897.080909573
302563.7024619674,4123897.1246808795
302563.72679436835,4123897.1684521856
302563.75112676935,4123897.2122234916
302563.7754591703,4123897.2559947977
302563.7997915712,4123897.299766104
302563.8241239722,4123897.3435374107
302563.8484563732,4123897.387308717
302563.87278877414,4123897.431080023
302563.8971211751,4123897.4748513293
302563.92145357607,4123897.518622636
302563.945785977,4123897.562393942
302563.97011837794,4123897.606165248
302563.99445077893,4123897.649936554
302564.01878317987,4123897.6937078605
302564.0431155808,4123897.737479167
302564.0674479818,4123897.781250473
302564.0917803828,4123897.825021779
302564.1161127837,4123897.868793085
302564.14044518466,4123897.9125643917
302564.16477758565,4123897.9563356983
302564.1891099866,4123898.0001070043
302564.2134423875,4123898.0438783104
302564.2377747885,4123898.0876496164
302564.2621071895,4123898.131420923
302564.28643959045,4123898.1751922294
302564.3107719914,4123898.2189635355
302564.3351043924,4123898.2627348416
302564.3594367933,4123898.306506148
302564.38376919425,4123898.3502774546
302564.40810159524,4123898.3940487606
302564.4324339962,4123898.4378200667
302564.4567663971,4123898.4815913728
302564.4810987981,4123898.5253626793
302564.5054311991,4123898.569133986
302564.52976360003,4123898.612905292
302564.55409600097,4123898.656676598
302564.57842840196,4123898.700447904
302564.6027608029,4123898.7442192105
302564.62709320383,4123898.787990517
302564.6514256048,4123898.831761823
302564.67575800576,4123898.875533129
302564.7000904067,4123898.919304435
302564.7244228077,4123898.9630757417
302564.7487552087,4123899.006847048
302564.7730876096,4123899.050618354
302564.79742001055,4123899.0943896603
302564.82175241155,4123899.138160967
302564.8460848125,4123899.1819322733
302564.8704172134,4123899.2257035794
302564.8947496144,4123899.2694748854
302564.9190820154,4123899.3132461915
302564.94341441634,4123899.357017498
302564.9677468173,4123899.4007888045
302564.99207921827,4123899.4445601106
302565.0164116192,4123899.4883314166
302565.04074402014,4123899.5321027227
302565.06507642113,4123899.575874029
302565.08940882207,4123899.6196453357
302565.113741223,4123899.6634166418
302565.138073624,4123899.707187948
302565.162406025,4123899.750959254
302565.1867384259,4123899.7947305604
302565.21107082686,4123899.838501867
302565.23540322785,4123899.882273173
302565.2597356288,4123899.926044479
302565.2840680297,4123899.9698157855
302565.3084004307,4123900.013587092
302565.33273283165,4123900.057358398
302565.3570652326,4123900.101129704
302565.3813976336,4123900.14490101
302565.4057300346,4123900.1886723167
302565.4300624355,4123900.2324436232
302565.45439483644,4123900.2762149293
302565.47872723744,4123900.3199862354
302565.5030596384,4123900.3637575414
302565.5273920393,4123900.407528848
302565.5517244403,4123900.4513001544
302565.5760568413,4123900.4950714605
302565.60038924223,4123900.5388427665
302565.62472164317,4123900.5826140726
302565.64905404416,4123900.626385379
302565.6733864451,4123900.6701566856
302565.69771884603,4123900.7139279917
302565.722051247,4123900.7576992977
302565.74638364796,4123900.801470604
302565.7707160489,4123900.8452419103
302565.7950484499,4123900.889013217
302565.8193808509,4123900.932784523
302565.8437132518,4123900.976555829
302565.86804565275,4123901.020327135
302565.89237805374,4123901.0640984415
302565.9167104547,4123901.107869748
302565.9410428556,4123901.151641054
302565.9653752566,4123901.19541236
302565.98970765754,4123901.2391836667
302566.0140400585,4123901.282954973
302566.0383724595,4123901.326726279
302566.06270486047,4123901.3704975853
302566.0870372614,4123901.4142688913
302566.11136966234,4123901.458040198
302566.13570206333,4123901.5018115044
302566.16003446426,4123901.5455828104
302566.1843668652,4123901.5893541165
302566.2086992662,4123901.6331254225
302566.2330316672,4123901.676896729
302566.2573640681,4123901.7206680356
302566.28169646906,4123901.7644393416
302566.30602887005,4123901.8082106477
302566.330361271,4123901.8519819537
302566.3546936719,4123901.8957532602
302566.3790260729,4123901.9395245668
302566.40335847385,4123901.983295873
302566.4276908748,4123902.027067179
302566.4520232758,4123902.0708384854
302566.4763556768,4123902.114609792
302566.5006880777,4123902.158381098
302566.52502047864,4123902.202152404
302566.54935287964,4123902.24592371
302566.5736852806,4123902.2896950166
302566.5980176815,4123902.333466323
302566.6223500825,4123902.377237629
302566.64668248344,4123902.421008935
302566.67101488437,4123902.4647802413
302566.69534728536,4123902.508551548
302566.71967968636,4123902.5523228543
302566.7440120873,4123902.5960941603
302566.7683444882,4123902.6398654664
302566.7926768892,4123902.6836367724
302566.81700929016,4123902.727408079
302566.8413416911,4123902.7711793855
302566.8656740921,4123902.8149506915
302566.8900064931,4123902.8587219976
302566.914338894,4123902.902493304
302566.93867129495,4123902.9462646106
302566.96300369594,4123902.9900359167
302566.9873360969,4123903.0338072227
302567.0116684978,4123903.077578529
302567.0360008988,4123903.1213498353
302567.06033329974,4123903.165121142
302567.0846657007,4123903.208892448
302567.10899810167,4123903.252663754
302567.13333050266,4123903.29643506
302567.1576629036,4123903.3402063665
302567.18199530453,4123903.383977673
302567.2063277054,4123903.427748979
302567.2306601063,4123903.471520285
302567.2549925071,4123903.5152915916
302567.27932490787,4123903.559062898
302567.30365730857,4123903.602834204
302567.3279897093,4123903.6466055103
302567.3523221099,4123903.6903768163
302567.3766545105,4123903.734148123
302567.4009869111,4123903.7779194294
302567.4253193116,4123903.8216907354
302567.44965171214,4123903.8654620415
302567.47398411256,4123903.9092333475
302567.4983165128,4123903.953004654
302567.52264891285,4123903.9967759605
302567.54698131274,4123904.0405472675
302567.57131371245,4123904.084318575
302567.595646112,4123904.1280898824
302567.6199785112,4123904.1718611903
302567.64431090996,4123904.2156324987
302567.66864330834,4123904.259403807
302567.6929757061,4123904.303175116
302567.71730810317,4123904.3469464253
302567.74164049944,4123904.3907177346
302567.7659728948,4123904.4344890444
302567.79030528903,4123904.4782603546
302567.814637682,4123904.522031666
302567.8389700733,4123904.5658029784
302567.8633024628,4123904.6095742923
302567.88763485005,4123904.653345607
302567.91196723474,4123904.6971169235
302567.9362996163,4123904.7408882407
302567.9606319943,4123904.784659561
302567.984964368,4123904.8284308827
302568.00929673674,4123904.8722022073
302568.0336290997,4123904.9159735357
302568.05796145584,4123904.9597448683
302568.082293804,4123905.003516206
302568.10662614275,4123905.047287549
302568.1309584705,4123905.0910588987
302568.15529078565,4123905.134830256
302568.17962308595,4123905.178601622
302568.203955369,4123905.2223729985
302568.22828763217,4123905.266144387
302568.2526198721,4123905.309915789
302568.2769520852,4123905.3536872077
302568.30128426716,4123905.397458644
302568.32561641315,4123905.441230102
302568.3499485176,4123905.485001584
302568.37428057403,4123905.5287730955
302568.398612575,4123905.57254464
302568.4229445122,4123905.6163162217
302568.44727637584,4123905.6600878467
302568.4716081548,4123905.7038595225
302568.49593983655,4123905.7476312565
302568.5202714064,4123905.791403057
302568.5446028477,4123905.835174934
302568.5689341416,4123905.878946898
302568.5932652663,4123905.922718963
302568.617596197,4123905.966491143
302568.6419269055,4123906.0102634556
302568.66625735944,4123906.0540359193
302568.690587522,4123906.0978085557
302568.7149173511,4123906.141581391
302568.73924679885,4123906.185354453
302568.7635758106,4123906.2291277745
302568.78790432395,4123906.272901392
302568.8122322679,4123906.3166753487
302568.8365595614,4123906.360449692
302568.86088611215,4123906.4042244763
302568.8852118151,4123906.4479997647
302568.90953655035,4123906.4917756286
302568.9338601814,4123906.5355521487
302568.9581825527,4123906.5793294176
302568.98250348703,4123906.6231075414
302569.00682278257,4123906.6668866393
302569.0311402094,4123906.7106668483
302569.05545550556,4123906.754448324
302569.0797683727,4123906.798231244
302569.10407847096,4123906.842015811
302569.1283854132,4123906.8858022536
302569.1526887585,4123906.929590835
302569.17698800465,4123906.9733818537
302569.20128257934,4123907.0171756493
302569.2255718309,4123907.06097261
302569.2498550169,4123907.1047731773
302569.2741312918,4123907.1485778526
302569.2983996921,4123907.1923872107
302569.3226591206,4123907.236201903
302569.3469083271,4123907.2800226724
302569.3711458875,4123907.3238503663
302569.3953701797,4123907.3676859485
302569.41957935557,4123907.411530519
302569.4437713097,4123907.4553853273
302569.4679436436,4123907.4992518015
302569.49209362495,4123907.5431315657
302569.5162181408,4123907.58702647
302569.5403136447,4123907.6309386236
302569.56437609636,4123907.674870428
302569.5884008929,4123907.7188246213
302569.61238279013,4123907.7628043196
302569.6363158136,4123907.806813076
302569.6601931565,4123907.850854937
302569.684007064,4123907.8949345136
302569.7077487009,4123907.939057058
302569.73140800145,4123907.9832285573
302569.7549734973,4123908.0274558277
302569.7784321225,4123908.071746638
302569.80176899105,4123908.1161098382
302569.82496714295,4123908.1605555126
302569.8480435387,4123908.2050735774
302569.8710130649,4123908.249655181
302569.8938887881,4123908.294292556
302569.91668217693,4123908.3389788824
302569.9394032979,4123908.3837081757
302569.96206098655,4123908.428475183
302569.98466299823,4123908.4732752927
302570.00721614016,4123908.518104458
302570.0297263872,4123908.562959127
302570.0521989837,4123908.6078361813
302570.0746385331,4123908.652732883
302570.0970490758,4123908.6976468316
302570.11943415855,4123908.7425759165
302570.14179689443,4123908.787518288
302570.16414001596,4123908.8324723216
302570.1864659217,4123908.877436591
302570.2087767171,4123908.9224098437
302570.23107425025,4123908.9673909815
302570.2533601434,4123909.01237904
302570.27563582046,4123909.0573731726
302570.2979025315,4123909.1023726356
302570.32016137365,4123909.147376778
302570.3424133101,4123909.192385026
302570.36465918634,4123909.237396877
302570.38689974445,4123909.282411889
302570.409135636,4123909.327429676
302570.43136743276,4123909.3724498968
302570.4535956367,4123909.4174722545
302570.47582068853,4123909.4624964865
302570.498042975,4123909.5075223623
302570.5202628357,4123909.5525496807
302570.54248056863,4123909.5975782643
302570.5646964353,4123909.642607957
302570.58691066527,4123909.687638623
302570.6091234602,4123909.7326701423
302570.6313349969,4123909.7777024093
302570.6535454306,4123909.8227353324
302570.6757548976,4123909.8677688306
302570.69796351733,4123909.912802832
302570.7201713947,4123909.957837275
302570.7423786217,4123910.0028721048
302570.7645852791,4123910.047907273
302570.78679143783,4123910.092942737
302570.8089971599,4123910.137978461
302570.83120249986,4123910.183014413
302570.85340750543,4123910.2280505635
302570.8756122185,4123910.273086888
302570.8978166759,4123910.318123364
302570.92002090963,4123910.3631599727
302570.9422249481,4123910.408196698
302570.9644288158,4123910.453233524
302570.9866325345,4123910.4982704394
302571.00883612316,4123910.543307432
302571.03103959834,4123910.588344492
302571.0532429745,4123910.6333816107
302571.0754462644,4123910.6784187807
302571.09764947905,4123910.723455996
302571.11985262827,4123910.76849325
302571.1420557206,4123910.8135305378
302571.1642587633,4123910.858567855
302571.186461763,4123910.9036051976
302571.2086647252,4123910.9486425626
302571.23086765484,4123910.9936799468
302571.2530705563,4123911.0387173477
302571.2752734333,4123911.0837547635
302571.2974762891,4123911.128792192
302571.3196791265,4123911.173829632
302571.3418819481,4123911.2188670817
302571.36408475594,4123911.263904539
302571.3862875519,4123911.3089420022
302571.40849033755,4123911.3539794716
302571.4306931143,4123911.399016947
302571.4528958835,4123911.4440544276
302571.4750986461,4123911.4890919123
302571.497301403,4123911.5341294
302571.51950415515,4123911.5791668897
302571.5417069031,4123911.6242043814
302571.56390964746,4123911.6692418754
302571.58611238876,4123911.714279372
302571.6083151274,4123911.7593168695
302571.6305178637,4123911.8043543682
302571.65272059815,4123911.8493918683
302571.67492333095,4123911.8944293694
302571.6971260623,4123911.939466872
302571.7193287925,4123911.9845043756
302571.74153152166,4123912.0295418794
302571.76373425,4123912.0745793832
302571.7859369775,4123912.1196168875
302571.80813970434,4123912.1646543923
302571.8303424306,4123912.209691897
302571.85254515643,4123912.2547294023
302571.8747478819,4123912.299766908
302571.8969506071,4123912.3448044136
302571.91915333195,4123912.3898419198
302571.9413560567,4123912.4348794264
302571.9635587813,4123912.479916933
302571.9857615057,4123912.52495444
302572.00796423,4123912.569991947
302572.03016695415,4123912.615029454
302572.0523696781,4123912.6600669613
302572.074572402,4123912.7051044684
302572.0967751258,4123912.7501419755
302572.11897784966,4123912.7951794825
302572.14118057344,4123912.8402169896
302572.16338329716,4123912.8852544967
302572.1855860209,4123912.930292004
302572.2077887446,4123912.975329511
302572.22999146825,4123913.020367018
302572.25219419185,4123913.065404525
302572.27439691545,4123913.1104420316
302572.296599639,4123913.1554795383
302572.31880236254,4123913.2005170453
302572.341005086,4123913.2455545524
302572.3632078095,4123913.2905920595
302572.385410533,4123913.3356295666
302572.4076132565,4123913.3806670737
302572.42981597997,4123913.4257045807
302572.45201870345,4123913.470742088
302572.47422142694,4123913.515779595
302572.4964241504,4123913.560817102
302572.5186268739,4123913.605854609
302572.5408295974,4123913.650892116
302572.56303232093,4123913.695929623
302572.5852350444,4123913.7409671303
302572.6074377679,4123913.7860046374
302572.6296404914,4123913.8310421444
302572.6518432149,4123913.8760796515
302572.67404593836,4123913.9211171586
302572.69624866184,4123913.9661546657
302572.7184513853,4123914.0111921728
302572.7406541088,4123914.05622968
302572.7628568323,4123914.101267187
302572.7850595558,4123914.146304694
302572.8072622793,4123914.191342201
302572.8294650028,4123914.236379708
302572.8516677263,4123914.2814172152
302572.8738704498,4123914.3264547223
302572.89607317327,4123914.3714922294
302572.91827589675,4123914.4165297365
302572.94047862024,4123914.4615672436
302572.9626813437,4123914.5066047506
302572.9848840672,4123914.5516422577
302573.0070867907,4123914.596679765
302573.0292895142,4123914.641717272
302573.0514922377,4123914.686754779
302573.0736949612,4123914.731792286
302573.0958976847,4123914.776829793
302573.1181004082,4123914.8218673
302573.14030313166,4123914.8669048073
302573.16250585514,4123914.9119423144
302573.1847085786,4123914.9569798214
302573.2069113021,4123915.0020173285
302573.2291140256,4123915.0470548356
302573.2513167491,4123915.0920923427
302573.27351947257,4123915.1371298498
302573.2957221961,4123915.182167357
302573.3179249196,4123915.227204864
302573.3401276431,4123915.272242371
302573.36233036657,4123915.317279878
302573.38453309005,4123915.362317385
302573.40673581354,4123915.4073548918
302573.428938537,4123915.4523923984
302573.4511412605,4123915.4974299055
302573.473343984,4123915.5424674125
302573.4955467075,4123915.5875049196
302573.51774943096,4123915.6325424267
302573.5399521545,4123915.677579934
302573.562154878,4123915.722617441
302573.5843576015,4123915.767654948
302573.60656032496,4123915.812692455
302573.62876304844,4123915.857729962
302573.6509657719,4123915.902767469
302573.6731684954,4123915.9478049763
302573.6953712189,4123915.9928424833
302573.7175739424,4123916.0378799904
302573.7397766659,4123916.0829174975
302573.7619793894,4123916.1279550046
302573.7841821129,4123916.1729925117
302573.8063848364,4123916.2180300187
302573.82858755987,4123916.263067526
302573.85079028335,4123916.308105033
302573.87299300684,4123916.35314254
302573.8951957303,4123916.398180047
302573.9173984538,4123916.443217554
302573.9396011773,4123916.488255061
302573.9618039008,4123916.5332925683
302573.9840066243,4123916.5783300754
302574.0062093478,4123916.6233675824
302574.0284120713,4123916.6684050895
302574.0506147948,4123916.7134425966
302574.07281751826,4123916.7584801037
302574.09502024174,4123916.8035176108
302574.11722296523,4123916.848555118
302574.1394256887,4123916.893592625
302574.1616284122,4123916.938630132
302574.1838311357,4123916.983667639
302574.20603385917,4123917.028705146
302574.2282365827,4123917.0737426532
302574.2504393062,4123917.1187801603
302574.2726420297,4123917.1638176674
302574.29484475317,4123917.2088551745
302574.31704747665,4123917.2538926816
302574.33925020014,4123917.2989301886
302574.3614529236,4123917.3439676957
302574.3836556471,4123917.389005203
302574.4058583706,4123917.43404271
302574.4280610941,4123917.479080217
302574.45026381756,4123917.524117724
302574.4724665411,4123917.569155231
302574.4946692646,4123917.614192738
302574.5168719881,4123917.6592302453
302574.53907471156,4123917.7042677524
302574.56127743504,4123917.749305259
302574.58348015853,4123917.7943427656
302574.605682882,4123917.8393802727
302574.6278856055,4123917.8844177797
302574.650088329,4123917.929455287
302574.67229105247,4123917.974492794
302574.69449377595,4123918.019530301
302574.7166964995,4123918.064567808
302574.738899223,4123918.109605315
302574.76110194647,4123918.154642822
302574.78330466995,4123918.1996803293
302574.80550739344,4123918.2447178364
302574.8277101169,4123918.2897553435
302574.8499128404,4123918.3347928505
302574.8721155639,4123918.3798303576
302574.8943182874,4123918.4248678647
302574.91652101086,4123918.469905372
302574.93872373435,4123918.514942879
302574.9609264579,4123918.559980386
302574.9831291814,4123918.605017893
302575.00533190486,4123918.6500554
302575.02753462835,4123918.695092907
302575.04973735183,4123918.7401304143
302575.0719400753,4123918.7851679213
302575.0941427988,4123918.8302054284
302575.1163455223,4123918.8752429355
302575.13854824577,4123918.9202804426
302575.16075096925,4123918.9653179497
302575.18295369274,4123919.0103554567
302575.2051564163,4123919.055392964
302575.22735913977,4123919.100430471
302575.24956186325,4123919.145467978
302575.27176458674,4123919.190505485
302575.2939673102,4123919.235542992
302575.3161700337,4123919.280580499
302575.3383727572,4123919.3256180063
302575.3605754807,4123919.3706555134
302575.38277820416,4123919.4156930204
302575.40498092765,4123919.4607305275
302575.42718365113,4123919.5057680346
302575.4493863747,4123919.5508055417
302575.47158909816,4123919.5958430488
302575.49379182165,4123919.640880556
302575.51599454513,4123919.685918063
302575.5381972686,4123919.73095557
302575.5603999921,4123919.775993077
302575.5826027156,4123919.821030584
302575.60480543907,4123919.8660680912
302575.62700816256,4123919.911105598
302575.64921088604,4123919.9561431045
302575.6714136095,4123920.0011806116
302575.69361633307,4123920.0462181186
302575.71581905655,4123920.0912556257
302575.73802178004,4123920.136293133
302575.7602245035,4123920.18133064
302575.782427227,4123920.226368147
302575.8046299505,4123920.271405654
302575.826832674,4123920.316443161
302575.84903539746,4123920.361480668
302575.87123812095,4123920.4065181753
302575.89344084443,4123920.4515556823
302575.9156435679,4123920.4965931894
302575.93784629146,4123920.5416306965
302575.96004901495,4123920.5866682036
302575.98225173843,4123920.6317057107
302576.0044544619,4123920.6767432177
302576.0266571854,4123920.721780725
302576.0488599089,4123920.766818232
302576.07106263237,4123920.811855739
302576.09326535586,4123920.856893246
302576.11546807934,4123920.901930753
302576.1376708029,4123920.94696826
302576.15987352637,4123920.9920057673
302576.18207624985,4123921.0370432744
302576.20427897334,4123921.0820807815
302576.2264816968,4123921.1271182885
302576.2486844203,4123921.1721557956
302576.2708871438,4123921.2171933027
302576.2930898673,4123921.26223081
302576.31529259076,4123921.307268317
302576.33749531425,4123921.352305824
302576.35969803773,4123921.397343331
302576.3819007613,4123921.442380838
302576.40410348476,4123921.487418345
302576.42630620825,4123921.5324558523
302576.44850893173,4123921.5774933593
302576.4707116552,4123921.6225308664
302576.4929143787,4123921.6675683735
302576.5151171022,4123921.71260588
